   1.1999357e+03  -8.8728094e+02  -1.1368684e-13  -2.2737368e-13   3.9790393e-13  -1.1368684e-13  -8.6045736e-14   1.1356757e-13  -1.1893559e-13   2.8421709e-14   1.8176789e-14   5.6368011e-14  -2.3489113e-14  -3.5527137e-14   4.4989643e-14  -2.9603550e-14   1.1518516e-14   1.4210855e-14  -3.0912157e-14   1.5518711e-14   1.4693749e-15  -1.7763568e-15   4.4411960e-15  -1.9124879e-15  -1.8230079e-15   5.3290705e-15  -4.3459931e-15   7.8969363e-16  -9.9623457e-16   1.1102230e-15  -8.7674622e-16   1.1016061e-15  -1.0130224e-15   7.7715612e-16  -3.0727188e-16  -3.5754242e-17  -3.5080205e-17   1.1102230e-16   2.1820323e-17  -3.8319918e-17   7.3898489e-17  -6.9388939e-17   6.6394908e-17  -4.0707349e-17   2.4381406e-17  -1.3877788e-17  -1.0819665e-17   2.8292612e-18  -1.1589983e-17   5.2041704e-18
  -8.8728094e+02   1.6812341e+03  -7.9362845e+02  -1.1368684e-13   2.8421709e-13  -1.1368684e-13   5.6843419e-14  -2.9046746e-13   2.0617126e-13  -1.0102266e-13  -8.5265128e-14   1.1039141e-14   4.2229611e-14   2.5995005e-14  -8.5265128e-14   8.5716256e-14  -3.7088484e-14   2.7927293e-15   4.2632564e-14  -3.7399844e-14   1.9945743e-14  -2.1331887e-15  -8.8817842e-15   7.5728051e-15   1.0634248e-15  -9.7115925e-15   5.3290705e-15  -1.1760150e-15   2.3878835e-15  -1.9126006e-15   6.6613381e-16  -5.4649786e-16   1.3105205e-15  -1.6865479e-15   1.1102230e-15  -3.0814428e-16   2.1161557e-16  -1.5670486e-16   1.9428903e-16  -1.2657718e-16  -1.4655239e-16   2.1269531e-16  -1.8041124e-16   1.7829923e-17  -1.1150382e-17   5.4532665e-17  -6.9388939e-18  -1.0900270e-17   5.3993595e-18  -1.0054895e-17
  -1.1368684e-13  -7.9362845e+02   1.5743960e+03  -7.4198565e+02  -1.1368684e-12   8.5265128e-13  -5.6843419e-14   0.0000000e+00  -1.7397999e-13   5.6346544e-14   2.2903256e-13  -1.5631940e-13  -2.6428377e-14   3.5152655e-14   7.8083379e-14  -8.5265128e-14   4.0356784e-14  -3.2697405e-14   9.9552059e-15   2.4868996e-14  -3.7385264e-14   1.6432935e-14   4.4672939e-16  -4.4408921e-15   5.2800023e-15   3.7949293e-15  -2.7685341e-15   8.8817842e-16   1.7251743e-15  -1.0927624e-15   3.3996178e-16   0.0000000e+00  -8.4202505e-16   1.6922271e-15  -1.3568885e-15   7.7715612e-16  -4.1968091e-16  -6.8936680e-17  -6.4869116e-17   2.4980018e-16  -4.3964312e-17  -1.8686954e-16   1.9860535e-16   0.0000000e+00  -3.9079479e-17  -8.7737691e-17   3.4763733e-17   6.9388939e-18   1.2780831e-18   5.4189150e-18
  -2.2737368e-13  -1.1368684e-13  -7.4198565e+02   1.4695513e+03  -6.9333389e+02  -1.2505552e-12   1.1368684e-13   5.6843419e-13  -1.7053026e-13  -4.8973385e-15  -6.5171770e-14   5.4484409e-14  -5.6843419e-14  -3.5265693e-14  -1.3508071e-14   4.1856292e-14  -4.9737992e-14   4.6683772e-14  -6.2910579e-14   1.3756787e-14   2.4868996e-14  -3.4221491e-14   2.0803856e-14  -3.5537613e-15  -1.6875390e-14   1.0054924e-14  -1.9367697e-16  -3.5963256e-15  -3.5527137e-15   3.6991047e-15   7.1909893e-16  -1.7546607e-15   1.5543122e-15  -1.2338731e-15   7.2654038e-16  -1.2638335e-15   7.2164497e-16   2.8396833e-16  -3.0218344e-16  -1.3275568e-16   2.4980018e-16  -6.4651481e-17  -1.1224848e-16   5.3440539e-17   1.3877788e-17   6.0314231e-17  -3.7007833e-17   1.9405055e-17  -2.0816682e-17   1.4467878e-17
   3.9790393e-13   2.8421709e-13  -1.1368684e-12  -6.9333389e+02   1.3746996e+03  -6.5521779e+02  -1.0231815e-12  -0.0000000e+00   4.5474735e-13  -2.2737368e-13  -4.7554666e-14   4.0646750e-14   9.7056842e-14  -1.4210855e-14  -8.8968971e-14   2.9047673e-14   2.2912232e-14  -1.4210855e-14   7.7678886e-14  -3.4922388e-14  -6.5969112e-15   4.6185278e-14  -4.6380811e-14   1.1493194e-14   2.3478175e-14  -1.3322676e-14   3.9676310e-15   4.4580081e-15  -1.4853043e-15   4.4408921e-16  -2.1570765e-15   2.0033181e-15  -1.1748148e-15   6.6613381e-16   2.3314231e-16   1.5452460e-15  -1.4658287e-15   5.5511151e-17   4.9730012e-16  -9.6554991e-17  -1.4389092e-16   8.3266727e-17  -3.2504560e-18  -1.0811644e-16   1.2344988e-16  -6.9388939e-17   4.0764012e-17  -4.1408519e-17   5.7431027e-17  -3.8163916e-17
  -1.1368684e-13  -1.1368684e-13   8.5265128e-13  -1.2505552e-12  -6.5521779e+02   1.3124153e+03  -6.3116322e+02  -1.1937118e-12   1.1368684e-13   3.4106051e-13  -5.6843419e-13   4.7373391e-13  -1.3752729e-13  -7.1837857e-14   2.1316282e-13  -1.5224179e-13   6.1189019e-14   3.5489080e-14  -7.1054274e-14   2.0736189e-14   1.8746548e-14  -3.8668345e-14   5.6843419e-14  -3.9358718e-14  -3.4188984e-16  -3.6164328e-15  -1.7763568e-15   1.8842954e-15   1.3942962e-15  -2.3296163e-15  -3.1086245e-15   3.4020274e-15  -2.3727393e-15  -3.3208302e-16   6.6613381e-16  -2.7236815e-15   2.7343625e-15  -6.6114486e-16  -6.6613381e-16   2.6368790e-18   1.1441270e-16   3.5027112e-17  -1.1102230e-16   2.1259522e-16  -2.4366310e-16   1.0751070e-16  -8.3266727e-17   4.2064519e-17  -1.0613869e-17   2.2259870e-17
  -8.6045736e-14   5.6843419e-14  -5.6843419e-14   1.1368684e-13  -1.0231815e-12  -6.3116322e+02   1.2756156e+03  -6.1662920e+02  -1.1937118e-12   5.6843419e-14   1.1368684e-12  -8.5265128e-13   2.0110954e-13  -3.0241574e-14   5.9699856e-14  -2.8421709e-14   2.5927375e-14  -1.1439605e-13   1.1079720e-13  -5.6843419e-14   8.6057402e-15   3.3031749e-15  -2.5803936e-14   4.2632564e-14  -2.6603594e-14   1.8413324e-14  -1.2193429e-14   8.8817842e-15  -1.0480698e-14   3.8139156e-15   6.8901471e-15  -6.2172489e-15   2.4409493e-15   2.3291909e-15  -3.8397712e-15   3.1086245e-15  -1.5462953e-15  -2.2373300e-16   5.7965617e-16   4.4408921e-16  -6.0041542e-16  -1.4616821e-16   5.4974890e-16  -3.3306691e-16   2.5649786e-16  -2.6407066e-16   2.7825824e-16  -2.0816682e-16   2.4929649e-18   4.4006938e-17
   1.1356757e-13  -2.9046746e-13   0.0000000e+00   5.6843419e-13  -0.0000000e+00  -1.1937118e-12  -6.1662920e+02   1.2526683e+03  -6.0718163e+02  -2.8421709e-13  -6.2527761e-13   4.5474735e-13  -3.6948222e-13   4.5403711e-13  -4.7433243e-13   3.8325682e-13  -1.9895197e-13   1.7258881e-14  -2.9689184e-14   5.2080603e-14  -4.2632564e-14   1.5802166e-14  -2.0723283e-14   1.5048908e-14   3.5527137e-15  -1.8617064e-14   2.4795415e-14  -2.6555876e-14   2.6645353e-14  -1.1231036e-14   4.5830201e-16   1.4074286e-15   8.8817842e-16  -1.6620338e-15   3.0037108e-15   3.9929783e-16  -2.4424907e-15   1.0762322e-15   1.5733977e-16   2.2269794e-18   5.5511151e-16   2.7700969e-16  -6.9126450e-16   3.2019678e-16  -3.0531133e-16   4.8236422e-16  -3.6061171e-16   3.0142910e-16  -4.1633363e-17  -1.0385293e-16
  -1.1893559e-13   2.0617126e-13  -1.7397999e-13  -1.7053026e-13   4.5474735e-13   1.1368684e-13  -1.1937118e-12  -6.0718163e+02   1.2368268e+03  -6.0038111e+02  -1.1368684e-13  -1.1368684e-13   9.0949470e-13  -4.8316906e-13   6.8159052e-14  -1.9516295e-13   1.4272116e-13   1.1368684e-13  -1.0911001e-13  -7.0317096e-16   5.6870696e-14   0.0000000e+00   3.1593305e-15  -2.8250095e-14   3.4050980e-15   1.7763568e-14  -2.1283698e-14   1.6258333e-14  -2.0274064e-14   1.5099033e-14  -6.4989385e-15   2.1146922e-15  -3.2698885e-15  -2.6645353e-15   2.1652692e-15  -4.2151571e-15   4.7365021e-15   0.0000000e+00  -1.3364219e-15   1.2152939e-16  -2.4114034e-16  -5.5511151e-17  -1.4140306e-16  -1.8773525e-16   5.4741417e-16  -4.7184479e-16   1.0495285e-16  -5.0937201e-17   2.1690499e-17   6.9388939e-17
   2.8421709e-14  -1.0102266e-13   5.6346544e-14  -4.8973385e-15  -2.2737368e-13   3.4106051e-13   5.6843419e-14  -2.8421709e-13  -6.0038111e+02   1.2247653e+03  -5.9502380e+02  -1.1368684e-13  -1.0231815e-12   2.2737368e-13   5.1159077e-13  -2.5212041e-13   1.4197974e-13  -9.5856961e-14   1.4210855e-14   8.3799374e-14  -8.0103520e-14  -1.9818984e-14   4.2632564e-14  -8.0994152e-15   1.5754761e-14   6.2187766e-15  -1.0658141e-14   4.8829024e-15   8.9983162e-15  -1.2463428e-14   1.7763568e-15  -1.2792769e-15   5.8834140e-15   2.0482858e-15  -3.5527137e-15   3.6578373e-15  -2.8468191e-15  -2.8398288e-15   3.7747583e-15  -1.7026670e-15   8.8914337e-16  -6.9566851e-16   1.4988011e-15  -5.3409432e-16  -2.6857018e-16   3.7944410e-16  -8.3266727e-17  -1.3161264e-16   7.9578907e-18  -1.7935576e-17
   1.8176789e-14  -8.5265128e-14   2.2903256e-13  -6.5171770e-14  -4.7554666e-14  -5.6843419e-13   1.1368684e-12  -6.2527761e-13  -1.1368684e-13  -5.9502380e+02   1.2148524e+03  -5.9051084e+02   9.0949470e-13   3.4106051e-13  -8.5265128e-13   4.2632564e-13  -6.1502493e-13   4.9860518e-13  -1.0607915e-13  -1.4210855e-14  -1.6112643e-14  -1.9145325e-14   6.2703417e-14  -6.3948846e-14   4.6059104e-14  -3.5926395e-14   2.9255537e-14  -1.7763568e-15  -3.4171581e-14   3.2009125e-14  -1.8680040e-15  -1.0658141e-14   1.6231829e-15   6.2810741e-16  -1.2870893e-15   3.5527137e-15  -2.3263595e-15   5.1031378e-15  -3.8647089e-15   1.1102230e-15  -1.3519953e-15   1.5955918e-15  -1.3488329e-15   9.4368957e-16  -4.6139935e-16   1.7727910e-16   1.4474419e-16   1.3877788e-16  -9.7698377e-17   4.1000892e-17
   5.6368011e-14   1.1039141e-14  -1.5631940e-13   5.4484409e-14   4.0646750e-14   4.7373391e-13  -8.5265128e-13   4.5474735e-13  -1.1368684e-13  -1.1368684e-13  -5.9051084e+02   1.2062573e+03  -5.8652997e+02  -1.4779289e-12   1.4779289e-12  -5.1159077e-13   9.0949470e-13  -8.4360531e-13   2.2470630e-13  -2.8466507e-14  -5.6843419e-14   1.4905587e-13  -1.8001385e-13   1.5930440e-13  -7.8159701e-14  -1.5591311e-14   1.7067941e-14  -1.3861021e-14   4.0856207e-14  -5.7055264e-14   3.9147983e-14   4.0637699e-15  -1.5099033e-14   9.3477695e-15   1.7975519e-15  -1.3165337e-14   4.8849813e-15  -7.3271069e-16  -1.3205122e-15   2.5234502e-15  -4.4408921e-16  -9.2474269e-16  -2.2829675e-16  -1.2813635e-16   2.2204460e-16  -5.1160210e-16  -4.8448683e-17   7.5572413e-17   5.5511151e-17  -3.7801651e-17
  -2.3489113e-14   4.2229611e-14  -2.6428377e-14  -5.6843419e-14   9.7056842e-14  -1.3752729e-13   2.0110954e-13  -3.6948222e-13   9.0949470e-13  -1.0231815e-12   9.0949470e-13  -5.8652997e+02   1.1985280e+03  -5.8290491e+02  -2.2168933e-12   1.1368684e-12  -6.2527761e-13   3.6948222e-13  -2.4388307e-13   1.3626942e-13   9.6064968e-14  -1.7053026e-13   1.4539137e-13  -8.3821829e-14  -5.7834990e-14   9.9475983e-14  -5.1320994e-14   3.2041311e-15   1.2722886e-14   2.6645353e-14  -5.4462474e-14   8.0701118e-15   2.9710705e-14  -2.4868996e-14  -2.1920176e-15   2.0228341e-14  -9.9704013e-15  -4.4408921e-16   3.1478108e-15  -4.9732566e-15   4.0316627e-15  -1.9984014e-15   1.1802917e-15   8.1593370e-16  -3.3048071e-16  -1.6653345e-16   5.8266031e-16  -7.1429430e-16   3.3345186e-16  -8.3266727e-17
  -3.5527137e-14   2.5995005e-14   3.5152655e-14  -3.5265693e-14  -1.4210855e-14  -7.1837857e-14  -3.0241574e-14   4.5403711e-13  -4.8316906e-13   2.2737368e-13   3.4106051e-13  -1.4779289e-12  -5.8290491e+02   1.1913928e+03  -5.7952409e+02  -1.2505552e-12   6.2527761e-13  -5.6843419e-13   6.5369932e-13  -4.8531205e-13   2.1835979e-13   6.4321466e-14  -1.9895197e-13   5.5518492e-15   1.4075147e-13  -6.5959561e-14  -2.1316282e-14   4.8629883e-14  -3.4405919e-14  -6.4432348e-15   1.4210855e-14   1.9671266e-14  -3.6848821e-14   2.2018333e-14   8.8817842e-15  -1.2571412e-14   6.0698168e-15  -1.4636327e-15   0.0000000e+00   2.9202191e-15  -4.0309232e-15   4.3983212e-15  -1.8873791e-15  -1.8897225e-15   1.7110740e-15  -3.8283719e-16  -4.4408921e-16   5.4300597e-16   6.7284882e-17  -4.0818636e-18
   4.4989643e-14  -8.5265128e-14   7.8083379e-14  -1.3508071e-14  -8.8968971e-14   2.1316282e-13   5.9699856e-14  -4.7433243e-13   6.8159052e-14   5.1159077e-13  -8.5265128e-13   1.4779289e-12  -2.2168933e-12  -5.7952409e+02   1.1846655e+03  -5.7630787e+02  -1.2505552e-12   1.2505552e-12  -3.4106051e-13   2.5579538e-13  -5.3104075e-13   1.1334438e-13   3.2532611e-13  -7.1054274e-14  -5.9173890e-14  -9.9229052e-15   7.4617597e-14  -9.9475983e-14   5.0209314e-14   8.3084877e-15   2.6085838e-15  -2.6645353e-14   2.2889982e-14   1.1930101e-15  -1.0602438e-14  -6.2172489e-15   1.0951081e-14  -6.8241983e-16  -5.3473262e-15   3.1086245e-15  -4.6930535e-16  -3.1667569e-15   1.0136376e-16   3.5527137e-15  -3.0304651e-15   1.1987051e-15  -8.2322082e-16   5.5511151e-16  -6.8790008e-16  -1.3921380e-17
  -2.9603550e-14   8.5716256e-14  -8.5265128e-14   4.1856292e-14   2.9047673e-14  -1.5224179e-13  -2.8421709e-14   3.8325682e-13  -1.9516295e-13  -2.5212041e-13   4.2632564e-13  -5.1159077e-13   1.1368684e-12  -1.2505552e-12  -5.7630787e+02   1.1782056e+03  -5.7319401e+02  -7.9580786e-13  -4.5474735e-13  -0.0000000e+00   7.1054274e-13  -1.6401312e-13  -6.5626232e-13   2.4267204e-13   1.4210855e-14   4.5435844e-14  -3.4232908e-14   1.2675364e-13  -8.5265128e-14   1.9476394e-14  -2.2185779e-14   2.4861224e-14  -3.5527137e-15  -2.8870653e-14   1.0540741e-14   1.1281103e-14  -9.7699626e-15  -6.0708577e-15   1.3786561e-14  -7.6013084e-15   2.6645353e-15   3.5723981e-16   3.0880203e-15  -6.3523122e-15   3.5527137e-15  -7.8748613e-16   1.9053434e-15  -1.5989968e-15   3.8857806e-16   2.9806016e-16
   1.1518516e-14  -3.7088484e-14   4.0356784e-14  -4.9737992e-14   2.2912232e-14   6.1189019e-14   2.5927375e-14  -1.9895197e-13   1.4272116e-13   1.4197974e-13  -6.1502493e-13   9.0949470e-13  -6.2527761e-13   6.2527761e-13  -1.2505552e-12  -5.7319401e+02   1.1718983e+03  -5.7013104e+02   6.2527761e-13   6.2527761e-13  -8.5265128e-13   8.5265128e-14   8.1387575e-13  -3.6802434e-13   3.1700074e-14  -9.9475983e-14   1.3334450e-13  -2.0000602e-13   1.2320034e-13  -7.8159701e-14   1.1698590e-13  -7.4423421e-14   1.3572406e-14   3.1974423e-14  -3.4972393e-14   1.6350210e-14  -2.8328298e-15   9.7699626e-15  -1.2563562e-14   5.1181712e-15   1.5266653e-15   8.8817842e-16  -2.3793618e-15   5.3394572e-15  -2.3650886e-15   9.9920072e-16  -2.6806033e-15   1.8883959e-15  -1.2362954e-16  -1.6653345e-16
   1.4210855e-14   2.7927293e-15  -3.2697405e-14   4.6683772e-14  -1.4210855e-14   3.5489080e-14  -1.1439605e-13   1.7258881e-14   1.1368684e-13  -9.5856961e-14   4.9860518e-13  -8.4360531e-13   3.6948222e-13  -5.6843419e-13   1.2505552e-12  -7.9580786e-13  -5.7013104e+02   1.1656473e+03  -5.6707578e+02  -1.8189894e-12   1.4210855e-12  -3.9790393e-13  -3.4106051e-13   2.5464455e-13   6.5733395e-15  -1.8333010e-13   7.1054274e-14   9.3203001e-14  -9.1033776e-14   9.8070261e-14  -1.4921397e-13   1.1191568e-13  -6.0203634e-14  -2.2529579e-15   5.8619776e-14  -4.1720952e-14  -1.8550892e-15  -4.0308950e-15   1.0658141e-14  -6.1356405e-15   3.0384291e-15  -6.3558345e-15   8.8817842e-16  -1.2452900e-15   9.8268369e-16  -2.0014531e-15   2.6645353e-15  -1.1198488e-15  -5.2193091e-16   2.4189913e-16
  -3.0912157e-14   4.2632564e-14   9.9552059e-15  -6.2910579e-14   7.7678886e-14  -7.1054274e-14   1.1079720e-13  -2.9689184e-14  -1.0911001e-13   1.4210855e-14  -1.0607915e-13   2.2470630e-13  -2.4388307e-13   6.5369932e-13  -3.4106051e-13  -4.5474735e-13   6.2527761e-13  -5.6707578e+02   1.1593719e+03  -5.6399212e+02  -1.3642421e-12   6.8212103e-13  -1.1368684e-13   2.8421709e-13  -5.6959037e-13   7.1498016e-13  -4.5232401e-13   4.2632564e-14   9.6194622e-14  -7.2721980e-14   4.3854050e-14  -7.1054274e-14   1.0245309e-13  -7.0532462e-14  -1.5864175e-14   1.2434498e-14   1.4964892e-14   4.9368953e-15  -2.1708232e-14   9.7699626e-15  -9.0981219e-15   1.4400925e-14  -3.3922908e-15  -3.9968029e-15   2.2007750e-15   7.7057910e-16  -1.7212307e-15  -2.2204460e-16   1.4755751e-15  -4.7101043e-16
   1.5518711e-14  -3.7399844e-14   2.4868996e-14   1.3756787e-14  -3.4922388e-14   2.0736189e-14  -5.6843419e-14   5.2080603e-14  -7.0317096e-16   8.3799374e-14  -1.4210855e-14  -2.8466507e-14   1.3626942e-13  -4.8531205e-13   2.5579538e-13  -0.0000000e+00   6.2527761e-13  -1.8189894e-12  -5.6399212e+02   1.1530046e+03  -5.6084991e+02  -1.6484591e-12   1.0231815e-12  -9.6633812e-13   9.0949470e-13  -5.4428943e-13   5.7446560e-14   2.7985723e-13  -3.1263880e-13   9.0540691e-14   1.0267143e-13  -6.6572358e-14  -1.2079227e-13   1.4062275e-13  -4.0620104e-14   2.5512746e-14  -1.4210855e-14  -5.6619879e-15   1.6881402e-14   9.2708704e-15  -7.1054274e-15  -8.4602582e-15   8.7088230e-16   8.4438745e-15  -4.8849813e-15   5.0189382e-16   6.4743552e-16   3.3227639e-15  -3.1086245e-15   2.9667348e-16
   1.4693749e-15   1.9945743e-14  -3.7385264e-14   2.4868996e-14  -6.5969112e-15   1.8746548e-14   8.6057402e-15  -4.2632564e-14   5.6870696e-14  -8.0103520e-14  -1.6112643e-14  -5.6843419e-14   9.6064968e-14   2.1835979e-13  -5.3104075e-13   7.1054274e-13  -8.5265128e-13   1.4210855e-12  -1.3642421e-12  -5.6084991e+02   1.1464893e+03  -5.5762450e+02  -1.6484591e-12   1.3642421e-12  -8.5265128e-13   1.1368684e-13   4.1208173e-13  -6.9856992e-13   6.5283435e-13  -1.7053026e-13  -2.6500499e-13   2.6819395e-13   5.4891261e-14  -9.9475983e-14   6.9802377e-14  -6.6448523e-14   2.9410009e-14  -1.9539925e-14   1.9762918e-14  -4.2867413e-14   3.5560487e-14  -1.4210855e-14   8.2192497e-15  -7.7512504e-15  -2.1836169e-15   7.1054274e-15  -3.9170928e-15  -3.8023206e-15   3.3668283e-15   3.3306691e-16
  -1.7763568e-15  -2.1331887e-15   1.6432935e-14  -3.4221491e-14   4.6185278e-14  -3.8668345e-14   3.3031749e-15   1.5802166e-14   0.0000000e+00  -1.9818984e-14  -1.9145325e-14   1.4905587e-13  -1.7053026e-13   6.4321466e-14   1.1334438e-13  -1.6401312e-13   8.5265128e-14  -3.9790393e-13   6.8212103e-13  -1.6484591e-12  -5.5762450e+02   1.1397810e+03  -5.5429617e+02  -1.3642421e-12   1.0800250e-12  -3.4106051e-13  -1.1368684e-13   6.3362826e-13  -7.5645759e-13   2.2175885e-13   1.2789769e-13  -1.0401259e-13  -2.7511043e-14  -4.2617631e-15  -6.3948846e-14   6.3180299e-14   1.0668873e-15   1.6119598e-14  -2.8421709e-14   2.9985325e-14  -5.4149608e-14   3.7742248e-14   1.7763568e-15  -1.1245022e-14   1.3776654e-14  -1.2515097e-14   8.4376950e-15  -4.5273603e-15   2.3227010e-15  -1.4510766e-15
   4.4411960e-15  -8.8817842e-15   4.4672939e-16   2.0803856e-14  -4.6380811e-14   5.6843419e-14  -2.5803936e-14  -2.0723283e-14   3.1593305e-15   4.2632564e-14   6.2703417e-14  -1.8001385e-13   1.4539137e-13  -1.9895197e-13   3.2532611e-13  -6.5626232e-13   8.1387575e-13  -3.4106051e-13  -1.1368684e-13   1.0231815e-12  -1.6484591e-12  -5.5429617e+02   1.1328438e+03  -5.5084928e+02  -6.8212103e-13   5.6843419e-14  -3.4106051e-13  -2.8421709e-14   4.1809896e-13  -1.2704938e-13   1.8595215e-13  -3.9790393e-13   1.6287180e-13   2.5831459e-14   6.3147768e-14  -1.0658141e-13   7.8164508e-15   1.9871852e-14  -3.6230683e-15  -7.1054274e-15   4.6864630e-14  -4.9175808e-14  -2.4094131e-15   2.2204460e-14  -1.6316788e-14   6.7008818e-15  -2.5909553e-15   9.7699626e-15  -9.1432053e-15   1.9120313e-15
  -1.9124879e-15   7.5728051e-15  -4.4408921e-15  -3.5537613e-15   1.1493194e-14  -3.9358718e-14   4.2632564e-14   1.5048908e-14  -2.8250095e-14  -8.0994152e-15  -6.3948846e-14   1.5930440e-13  -8.3821829e-14   5.5518492e-15  -7.1054274e-14   2.4267204e-13  -3.6802434e-13   2.5464455e-13   2.8421709e-13  -9.6633812e-13   1.3642421e-12  -1.3642421e-12  -5.5084928e+02   1.1256496e+03  -5.4727192e+02   4.5474735e-13   6.2527761e-13  -5.1159077e-13   8.5265128e-14  -3.2855429e-13   2.2566321e-13   1.8985182e-13  -2.1316282e-13   1.6704579e-13  -1.7337681e-13   2.0290240e-13  -8.5265128e-14   3.3715733e-15  -2.1283778e-14   4.1894984e-14  -5.6843419e-14   5.7677694e-14  -2.3631598e-14  -2.9599982e-15   1.4210855e-14  -1.2905330e-14  -2.3026673e-15  -1.1692412e-15   5.7731597e-15  -6.7095708e-16
  -1.8230079e-15   1.0634248e-15   5.2800023e-15  -1.6875390e-14   2.3478175e-14  -3.4188984e-16  -2.6603594e-14   3.5527137e-15   3.4050980e-15   1.5754761e-14   4.6059104e-14  -7.8159701e-14  -5.7834990e-14   1.4075147e-13  -5.9173890e-14   1.4210855e-14   3.1700074e-14   6.5733395e-15  -5.6959037e-13   9.0949470e-13  -8.5265128e-13   1.0800250e-12  -6.8212103e-13  -5.4727192e+02   1.1181777e+03  -5.4355557e+02  -1.0231815e-12   4.5474735e-13  -4.5474735e-13   6.5369932e-13  -5.2142491e-13   2.3600732e-13   1.7948158e-13  -3.9790393e-13   1.4325248e-13  -9.2857944e-14   1.0769513e-13  -8.5265128e-14   9.1547010e-14  -1.0473707e-13   8.9966443e-14  -3.9079850e-14   1.5265276e-14  -1.2686720e-14   2.3468871e-15   1.1546319e-14  -3.2721572e-15  -1.6524174e-15  -6.5393361e-16   1.3322676e-15
   5.3290705e-15  -9.7115925e-15   3.7949293e-15   1.0054924e-14  -1.3322676e-14  -3.6164328e-15   1.8413324e-14  -1.8617064e-14   1.7763568e-14   6.2187766e-15  -3.5926395e-14  -1.5591311e-14   9.9475983e-14  -6.5959561e-14  -9.9229052e-15   4.5435844e-14  -9.9475983e-14  -1.8333010e-13   7.1498016e-13  -5.4428943e-13   1.1368684e-13  -3.4106051e-13   5.6843419e-14   4.5474735e-13  -5.4355557e+02   1.1104137e+03  -5.3969449e+02   5.6843419e-14   2.8421709e-13  -1.1368684e-13  -3.6948222e-13   1.9860082e-13  -2.5611138e-13   3.3175436e-13  -9.9475983e-14   1.1775485e-14  -1.2521636e-14   3.8567234e-14  -1.5631940e-13   1.6653902e-13  -7.8781962e-14  -1.4496495e-14   5.1514348e-14  -2.1006581e-14  -1.2840571e-14   1.4918268e-15  -4.4408921e-15   2.2254383e-14  -1.4770598e-14   2.0389764e-16
  -4.3459931e-15   5.3290705e-15  -2.7685341e-15  -1.9367697e-16   3.9676310e-15  -1.7763568e-15  -1.2193429e-14   2.4795415e-14  -2.1283698e-14  -1.0658141e-14   2.9255537e-14   1.7067941e-14  -5.1320994e-14  -2.1316282e-14   7.4617597e-14  -3.4232908e-14   1.3334450e-13   7.1054274e-14  -4.5232401e-13   5.7446560e-14   4.1208173e-13  -1.1368684e-13  -3.4106051e-13   6.2527761e-13  -1.0231815e-12  -5.3969449e+02   1.1023484e+03  -5.3568538e+02  -3.4106051e-13  -0.0000000e+00   7.9580786e-13  -5.6843419e-13   3.2868903e-13  -2.6844886e-13   3.5473984e-13  -2.2737368e-13  -1.6432997e-13   2.2125037e-13   4.6218752e-14  -4.2632564e-14  -6.9948637e-16   3.8094610e-14  -1.1644180e-13   1.0125234e-13  -3.8896998e-14   1.7672345e-14   8.2277062e-15  -3.7303494e-14   2.0137714e-14  -1.2473796e-16
   7.8969363e-16  -1.1760150e-15   8.8817842e-16  -3.5963256e-15   4.4580081e-15   1.8842954e-15   8.8817842e-15  -2.6555876e-14   1.6258333e-14   4.8829024e-15  -1.7763568e-15  -1.3861021e-14   3.2041311e-15   4.8629883e-14  -9.9475983e-14   1.2675364e-13  -2.0000602e-13   9.3203001e-14   4.2632564e-14   2.7985723e-13  -6.9856992e-13   6.3362826e-13  -2.8421709e-14  -5.1159077e-13   4.5474735e-13   5.6843419e-14  -5.3568538e+02   1.0939776e+03  -5.3152738e+02  -2.2737368e-13  -2.2737368e-13  -0.0000000e+00  -5.6843419e-14   2.5265673e-13  -1.6165444e-13   2.5193843e-13   7.1054274e-14  -3.4487061e-13   1.9273633e-13  -1.5000852e-13   4.9737992e-14  -3.8643741e-14   1.2299199e-13  -1.3065410e-13   9.2370556e-14  -5.1753238e-14   1.4936738e-14  -1.4102665e-17   1.2434498e-14  -1.1808583e-14
  -9.9623457e-16   2.3878835e-15   1.7251743e-15  -3.5527137e-15  -1.4853043e-15   1.3942962e-15  -1.0480698e-14   2.6645353e-14  -2.0274064e-14   8.9983162e-15  -3.4171581e-14   4.0856207e-14   1.2722886e-14  -3.4405919e-14   5.0209314e-14  -8.5265128e-14   1.2320034e-13  -9.1033776e-14   9.6194622e-14  -3.1263880e-13   6.5283435e-13  -7.5645759e-13   4.1809896e-13   8.5265128e-14  -4.5474735e-13   2.8421709e-13  -3.4106051e-13  -5.3152738e+02   1.0853019e+03  -5.2722143e+02  -1.3073986e-12   6.8212103e-13  -0.0000000e+00   0.0000000e+00  -3.8026846e-13   2.5112648e-14  -2.9033694e-14   3.4106051e-13  -2.0863564e-13  -6.9187326e-15   7.1644487e-14   3.5527137e-14  -1.2823472e-13   8.1127785e-14  -6.0251466e-14   7.9936058e-14  -5.6245423e-14   3.5434533e-14  -3.6457540e-14   1.8651747e-14
   1.1102230e-15  -1.9126006e-15  -1.0927624e-15   3.6991047e-15   4.4408921e-16  -2.3296163e-15   3.8139156e-15  -1.1231036e-14   1.5099033e-14  -1.2463428e-14   3.2009125e-14  -5.7055264e-14   2.6645353e-14  -6.4432348e-15   8.3084877e-15   1.9476394e-14  -7.8159701e-14   9.8070261e-14  -7.2721980e-14   9.0540691e-14  -1.7053026e-13   2.2175885e-13  -1.2704938e-13  -3.2855429e-13   6.5369932e-13  -1.1368684e-13  -0.0000000e+00  -2.2737368e-13  -5.2722143e+02   1.0763246e+03  -5.2277026e+02   1.1368684e-12  -6.8212103e-13  -5.6843419e-13   8.5265128e-13  -3.3596722e-13   1.5629659e-13  -1.1607169e-13   5.6843419e-14   1.5951483e-13  -1.8764205e-13  -1.9395142e-15   8.5265128e-14  -1.4726671e-14   1.8357593e-14  -8.9980589e-14   8.5265128e-14  -4.5917858e-14   3.7215008e-14  -1.5516515e-14
  -8.7674622e-16   6.6613381e-16   3.3996178e-16   7.1909893e-16  -2.1570765e-15  -3.1086245e-15   6.8901471e-15   4.5830201e-16  -6.4989385e-15   1.7763568e-15  -1.8680040e-15   3.9147983e-14  -5.4462474e-14   1.4210855e-14   2.6085838e-15  -2.2185779e-14   1.1698590e-13  -1.4921397e-13   4.3854050e-14   1.0267143e-13  -2.6500499e-13   1.2789769e-13   1.8595215e-13   2.2566321e-13  -5.2142491e-13  -3.6948222e-13   7.9580786e-13  -2.2737368e-13  -1.3073986e-12  -5.2277026e+02   1.0670535e+03  -5.1817838e+02   1.8758328e-12  -2.2737368e-13  -3.9790393e-13   3.4106051e-13  -4.1554046e-13   3.2231658e-13  -1.8774201e-13   2.8421709e-14   6.4691051e-14  -3.2910864e-14  -8.7791650e-15   8.5265128e-14  -1.1334039e-13   8.9675384e-14  -6.2633286e-14   3.1974423e-14  -1.8918834e-14   4.7706933e-15
   1.1016061e-15  -5.4649786e-16   0.0000000e+00  -1.7546607e-15   2.0033181e-15   3.4020274e-15  -6.2172489e-15   1.4074286e-15   2.1146922e-15  -1.2792769e-15  -1.0658141e-14   4.0637699e-15   8.0701118e-15   1.9671266e-14  -2.6645353e-14   2.4861224e-14  -7.4423421e-14   1.1191568e-13  -7.1054274e-14  -6.6572358e-14   2.6819395e-13  -1.0401259e-13  -3.9790393e-13   1.8985182e-13   2.3600732e-13   1.9860082e-13  -5.6843419e-13  -0.0000000e+00   6.8212103e-13   1.1368684e-12  -5.1817838e+02   1.0574993e+03  -5.1345175e+02   1.9895197e-12  -7.9580786e-13   5.6843419e-13   3.1263880e-13  -8.5637988e-13   5.9843411e-13  -1.8251792e-13  -2.8421709e-14   1.5089321e-14   1.0789999e-13  -1.6781330e-13   1.0658141e-13  -8.6672266e-15  -2.9606699e-14   1.6687282e-14   5.3290705e-15  -3.4953377e-15
  -1.0130224e-15   1.3105205e-15  -8.4202505e-16   1.5543122e-15  -1.1748148e-15  -2.3727393e-15   2.4409493e-15   8.8817842e-16  -3.2698885e-15   5.8834140e-15   1.6231829e-15  -1.5099033e-14   2.9710705e-14  -3.6848821e-14   2.2889982e-14  -3.5527137e-15   1.3572406e-14  -6.0203634e-14   1.0245309e-13  -1.2079227e-13   5.4891261e-14  -2.7511043e-14   1.6287180e-13  -2.1316282e-13   1.7948158e-13  -2.5611138e-13   3.2868903e-13  -5.6843419e-14  -0.0000000e+00  -6.8212103e-13   1.8758328e-12  -5.1345175e+02   1.0476758e+03  -5.0859782e+02   7.3896445e-13  -8.5265128e-13   2.2737368e-13   5.1159077e-13  -7.2803251e-13   3.0056694e-13   2.1034452e-13  -2.8421709e-14  -2.4722276e-13   1.1200211e-13   3.5006777e-14  -1.4210855e-13   2.0758753e-13  -1.1996203e-13   3.5451469e-14  -1.5987212e-14
   7.7715612e-16  -1.6865479e-15   1.6922271e-15  -1.2338731e-15   6.6613381e-16  -3.3208302e-16   2.3291909e-15  -1.6620338e-15  -2.6645353e-15   2.0482858e-15   6.2810741e-16   9.3477695e-15  -2.4868996e-14   2.2018333e-14   1.1930101e-15  -2.8870653e-14   3.1974423e-14  -2.2529579e-15  -7.0532462e-14   1.4062275e-13  -9.9475983e-14  -4.2617631e-15   2.5831459e-14   1.6704579e-13  -3.9790393e-13   3.3175436e-13  -2.6844886e-13   2.5265673e-13   0.0000000e+00  -5.6843419e-13  -2.2737368e-13   1.9895197e-12  -5.0859782e+02   1.0375996e+03  -5.0362536e+02   5.6843419e-14  -3.4106051e-13   1.4210855e-13   4.8316906e-13  -7.4280315e-13  -4.7925872e-15   2.5406500e-13  -8.5265128e-14   2.5291026e-14  -3.8305930e-14   1.7863326e-13  -2.7000624e-13   1.5187005e-13  -7.7461246e-14   4.3446843e-14
  -3.0727188e-16   1.1102230e-15  -1.3568885e-15   7.2654038e-16   2.3314231e-16   6.6613381e-16  -3.8397712e-15   3.0037108e-15   2.1652692e-15  -3.5527137e-15  -1.2870893e-15   1.7975519e-15  -2.1920176e-15   8.8817842e-15  -1.0602438e-14   1.0540741e-14  -3.4972393e-14   5.8619776e-14  -1.5864175e-14  -4.0620104e-14   6.9802377e-14  -6.3948846e-14   6.3147768e-14  -1.7337681e-13   1.4325248e-13  -9.9475983e-14   3.5473984e-13  -1.6165444e-13  -3.8026846e-13   8.5265128e-13  -3.9790393e-13  -7.9580786e-13   7.3896445e-13  -5.0362536e+02   1.0272901e+03  -4.9854447e+02   3.9790393e-13  -5.6843419e-13  -4.8316906e-13   1.3642421e-12  -4.9743609e-13  -4.6105507e-13   4.7078610e-13  -1.4210855e-13   8.5244868e-14  -2.2169899e-13   1.5820653e-13   0.0000000e+00   1.6273937e-14  -2.5882655e-14
  -3.5754242e-17  -3.0814428e-16   7.7715612e-16  -1.2638335e-15   1.5452460e-15  -2.7236815e-15   3.1086245e-15   3.9929783e-16  -4.2151571e-15   3.6578373e-15   3.5527137e-15  -1.3165337e-14   2.0228341e-14  -1.2571412e-14  -6.2172489e-15   1.1281103e-14   1.6350210e-14  -4.1720952e-14   1.2434498e-14   2.5512746e-14  -6.6448523e-14   6.3180299e-14  -1.0658141e-13   2.0290240e-13  -9.2857944e-14   1.1775485e-14  -2.2737368e-13   2.5193843e-13   2.5112648e-14  -3.3596722e-13   3.4106051e-13   5.6843419e-13  -8.5265128e-13   5.6843419e-14  -4.9854447e+02   1.0167693e+03  -4.9336659e+02  -2.8421709e-13   1.2505552e-12  -1.1652901e-12   5.9685590e-13  -1.2845440e-13  -7.2949170e-14   1.7086509e-13  -1.4210855e-13   2.1475091e-13  -1.2742762e-13  -1.0549933e-13   9.5923269e-14  -8.7754310e-15
  -3.5080205e-17   2.1161557e-16  -4.1968091e-16   7.2164497e-16  -1.4658287e-15   2.7343625e-15  -1.5462953e-15  -2.4424907e-15   4.7365021e-15  -2.8468191e-15  -2.3263595e-15   4.8849813e-15  -9.9704013e-15   6.0698168e-15   1.0951081e-14  -9.7699626e-15  -2.8328298e-15  -1.8550892e-15   1.4964892e-14  -1.4210855e-14   2.9410009e-14   1.0668873e-15   7.8164508e-15  -8.5265128e-14   1.0769513e-13  -1.2521636e-14  -1.6432997e-13   7.1054274e-14  -2.9033694e-14   1.5629659e-13  -4.1554046e-13   3.1263880e-13   2.2737368e-13  -3.4106051e-13   3.9790393e-13  -4.9336659e+02   1.0060621e+03  -4.8810428e+02  -2.1032065e-12   1.1368684e-12  -7.3896445e-13   8.2422957e-13  -1.6056838e-13  -3.8427297e-13   6.6902015e-14  -1.4210855e-13   2.1954084e-13   5.4262865e-14  -1.6640479e-13   6.7501560e-14
   1.1102230e-16  -1.5670486e-16  -6.8936680e-17   2.8396833e-16   5.5511151e-17  -6.6114486e-16  -2.2373300e-16   1.0762322e-15   0.0000000e+00  -2.8398288e-15   5.1031378e-15  -7.3271069e-16  -4.4408921e-16  -1.4636327e-15  -6.8241983e-16  -6.0708577e-15   9.7699626e-15  -4.0308950e-15   4.9368953e-15  -5.6619879e-15  -1.9539925e-14   1.6119598e-14   1.9871852e-14   3.3715733e-15  -8.5265128e-14   3.8567234e-14   2.2125037e-13  -3.4487061e-13   3.4106051e-13  -1.1607169e-13   3.2231658e-13  -8.5637988e-13   5.1159077e-13   1.4210855e-13  -5.6843419e-13  -2.8421709e-13  -4.8810428e+02   9.9519498e+02  -4.8277118e+02  -1.4779289e-12   2.8421709e-13   5.4001248e-13  -6.2527761e-13   2.9370918e-13   2.6422433e-13   7.1640827e-14  -1.9895197e-13  -1.2906180e-13   1.9211212e-13  -6.5360893e-14
   2.1820323e-17   1.9428903e-16  -6.4869116e-17  -3.0218344e-16   4.9730012e-16  -6.6613381e-16   5.7965617e-16   1.5733977e-16  -1.3364219e-15   3.7747583e-15  -3.8647089e-15  -1.3205122e-15   3.1478108e-15   0.0000000e+00  -5.3473262e-15   1.3786561e-14  -1.2563562e-14   1.0658141e-14  -2.1708232e-14   1.6881402e-14   1.9762918e-14  -2.8421709e-14  -3.6230683e-15  -2.1283778e-14   9.1547010e-14  -1.5631940e-13   4.6218752e-14   1.9273633e-13  -2.0863564e-13   5.6843419e-14  -1.8774201e-13   5.9843411e-13  -7.2803251e-13   4.8316906e-13  -4.8316906e-13   1.2505552e-12  -2.1032065e-12  -4.8277118e+02   9.8419739e+02  -4.7738210e+02   9.6633812e-13  -1.8189894e-12   1.5347723e-12  -5.6843419e-13  -2.8676996e-13   2.9811731e-13  -8.9760887e-14   8.5265128e-14  -2.2582283e-16  -5.7485146e-14
  -3.8319918e-17  -1.2657718e-16   2.4980018e-16  -1.3275568e-16  -9.6554991e-17   2.6368790e-18   4.4408921e-16   2.2269794e-18   1.2152939e-16  -1.7026670e-15   1.1102230e-15   2.5234502e-15  -4.9732566e-15   2.9202191e-15   3.1086245e-15  -7.6013084e-15   5.1181712e-15  -6.1356405e-15   9.7699626e-15   9.2708704e-15  -4.2867413e-14   2.9985325e-14  -7.1054274e-15   4.1894984e-14  -1.0473707e-13   1.6653902e-13  -4.2632564e-14  -1.5000852e-13  -6.9187326e-15   1.5951483e-13   2.8421709e-14  -1.8251792e-13   3.0056694e-13  -7.4280315e-13   1.3642421e-12  -1.1652901e-12   1.1368684e-12  -1.4779289e-12  -4.7738210e+02   9.7310067e+02  -4.7195281e+02   6.2527761e-13  -1.3073986e-12   1.1937118e-12  -3.9790393e-13  -1.5065994e-13   5.7435652e-15   3.3444535e-13  -1.7053026e-13   4.0366525e-14
   7.3898489e-17  -1.4655239e-16  -4.3964312e-17   2.4980018e-16  -1.4389092e-16   1.1441270e-16  -6.0041542e-16   5.5511151e-16  -2.4114034e-16   8.8914337e-16  -1.3519953e-15  -4.4408921e-16   4.0316627e-15  -4.0309232e-15  -4.6930535e-16   2.6645353e-15   1.5266653e-15   3.0384291e-15  -9.0981219e-15  -7.1054274e-15   3.5560487e-14  -5.4149608e-14   4.6864630e-14  -5.6843419e-14   8.9966443e-14  -7.8781962e-14  -6.9948637e-16   4.9737992e-14   7.1644487e-14  -1.8764205e-13   6.4691051e-14  -2.8421709e-14   2.1034452e-13  -4.7925872e-15  -4.9743609e-13   5.9685590e-13  -7.3896445e-13   2.8421709e-13   9.6633812e-13  -4.7195281e+02   9.6193805e+02  -4.6649994e+02   2.2737368e-13  -6.2527761e-13   8.8107299e-13  -1.1084467e-12   8.0831695e-13  -1.6712222e-13  -3.8350327e-13   2.4158453e-13
  -6.9388939e-17   2.1269531e-16  -1.8686954e-16  -6.4651481e-17   8.3266727e-17   3.5027112e-17  -1.4616821e-16   2.7700969e-16  -5.5511151e-17  -6.9566851e-16   1.5955918e-15  -9.2474269e-16  -1.9984014e-15   4.3983212e-15  -3.1667569e-15   3.5723981e-16   8.8817842e-16  -6.3558345e-15   1.4400925e-14  -8.4602582e-15  -1.4210855e-14   3.7742248e-14  -4.9175808e-14   5.7677694e-14  -3.9079850e-14  -1.4496495e-14   3.8094610e-14  -3.8643741e-14   3.5527137e-14  -1.9395142e-15  -3.2910864e-14   1.5089321e-14  -2.8421709e-14   2.5406500e-13  -4.6105507e-13  -1.2845440e-13   8.2422957e-13   5.4001248e-13  -1.8189894e-12   6.2527761e-13  -4.6649994e+02   9.5074447e+02  -4.6104087e+02   3.4106051e-13  -1.1368684e-12   2.3590019e-12  -1.2789769e-12  -7.6917773e-13   1.1642478e-12  -4.2500671e-13
   6.6394908e-17  -1.8041124e-16   1.9860535e-16  -1.1224848e-16  -3.2504560e-18  -1.1102230e-16   5.4974890e-16  -6.9126450e-16  -1.4140306e-16   1.4988011e-15  -1.3488329e-15  -2.2829675e-16   1.1802917e-15  -1.8873791e-15   1.0136376e-16   3.0880203e-15  -2.3793618e-15   8.8817842e-16  -3.3922908e-15   8.7088230e-16   8.2192497e-15   1.7763568e-15  -2.4094131e-15  -2.3631598e-14   1.5265276e-14   5.1514348e-14  -1.1644180e-13   1.2299199e-13  -1.2823472e-13   8.5265128e-14  -8.7791650e-15   1.0789999e-13  -2.4722276e-13  -8.5265128e-14   4.7078610e-13  -7.2949170e-14  -1.6056838e-13  -6.2527761e-13   1.5347723e-12  -1.3073986e-12   2.2737368e-13  -4.6104087e+02   9.3955620e+02  -4.5559351e+02   1.3642421e-12  -2.3874236e-12   1.2221335e-12   4.8316906e-13  -6.1664914e-13   1.0101855e-13
  -4.0707349e-17   1.7829923e-17   0.0000000e+00   5.3440539e-17  -1.0811644e-16   2.1259522e-16  -3.3306691e-16   3.2019678e-16  -1.8773525e-16  -5.3409432e-16   9.4368957e-16  -1.2813635e-16   8.1593370e-16  -1.8897225e-15   3.5527137e-15  -6.3523122e-15   5.3394572e-15  -1.2452900e-15  -3.9968029e-15   8.4438745e-15  -7.7512504e-15  -1.1245022e-14   2.2204460e-14  -2.9599982e-15  -1.2686720e-14  -2.1006581e-14   1.0125234e-13  -1.3065410e-13   8.1127785e-14  -1.4726671e-14   8.5265128e-14  -1.6781330e-13   1.1200211e-13   2.5291026e-14  -1.4210855e-13   1.7086509e-13  -3.8427297e-13   2.9370918e-13  -5.6843419e-13   1.1937118e-12  -6.2527761e-13   3.4106051e-13  -4.5559351e+02   9.2841043e+02  -4.5017601e+02   4.5474735e-13  -2.2737368e-13   4.8316906e-13  -1.5063506e-12   1.0018492e-12
   2.4381406e-17  -1.1150382e-17  -3.9079479e-17   1.3877788e-17   1.2344988e-16  -2.4366310e-16   2.5649786e-16  -3.0531133e-16   5.4741417e-16  -2.6857018e-16  -4.6139935e-16   2.2204460e-16  -3.3048071e-16   1.7110740e-15  -3.0304651e-15   3.5527137e-15  -2.3650886e-15   9.8268369e-16   2.2007750e-15  -4.8849813e-15  -2.1836169e-15   1.3776654e-14  -1.6316788e-14   1.4210855e-14   2.3468871e-15  -1.2840571e-14  -3.8896998e-14   9.2370556e-14  -6.0251466e-14   1.8357593e-14  -1.1334039e-13   1.0658141e-13   3.5006777e-14  -3.8305930e-14   8.5244868e-14  -1.4210855e-13   6.6902015e-14   2.6422433e-13  -2.8676996e-13  -3.9790393e-13   8.8107299e-13  -1.1368684e-12   1.3642421e-12  -4.5017601e+02   9.1734437e+02  -4.4480679e+02  -7.3896445e-13  -4.5474735e-13   2.9274361e-12  -1.9895197e-12
  -1.3877788e-17   5.4532665e-17  -8.7737691e-17   6.0314231e-17  -6.9388939e-17   1.0751070e-16  -2.6407066e-16   4.8236422e-16  -4.7184479e-16   3.7944410e-16   1.7727910e-16  -5.1160210e-16  -1.6653345e-16  -3.8283719e-16   1.1987051e-15  -7.8748613e-16   9.9920072e-16  -2.0014531e-15   7.7057910e-16   5.0189382e-16   7.1054274e-15  -1.2515097e-14   6.7008818e-15  -1.2905330e-14   1.1546319e-14   1.4918268e-15   1.7672345e-14  -5.1753238e-14   7.9936058e-14  -8.9980589e-14   8.9675384e-14  -8.6672266e-15  -1.4210855e-13   1.7863326e-13  -2.2169899e-13   2.1475091e-13  -1.4210855e-13   7.1640827e-14   2.9811731e-13  -1.5065994e-13  -1.1084467e-12   2.3590019e-12  -2.3874236e-12   4.5474735e-13  -4.4480679e+02   9.0639634e+02  -4.3950412e+02   4.5474735e-13  -1.9895197e-12   1.6768809e-12
  -1.0819665e-17  -6.9388939e-18   3.4763733e-17  -3.7007833e-17   4.0764012e-17  -8.3266727e-17   2.7825824e-16  -3.6061171e-16   1.0495285e-16  -8.3266727e-17   1.4474419e-16  -4.8448683e-17   5.8266031e-16  -4.4408921e-16  -8.2322082e-16   1.9053434e-15  -2.6806033e-15   2.6645353e-15  -1.7212307e-15   6.4743552e-16  -3.9170928e-15   8.4376950e-15  -2.5909553e-15  -2.3026673e-15  -3.2721572e-15  -4.4408921e-15   8.2277062e-15   1.4936738e-14  -5.6245423e-14   8.5265128e-14  -6.2633286e-14  -2.9606699e-14   2.0758753e-13  -2.7000624e-13   1.5820653e-13  -1.2742762e-13   2.1954084e-13  -1.9895197e-13  -8.9760887e-14   5.7435652e-15   8.0831695e-13  -1.2789769e-12   1.2221335e-12  -2.2737368e-13  -7.3896445e-13  -4.3950412e+02   8.9560289e+02  -4.3428564e+02  -3.9790393e-13  -5.6843419e-14
   2.8292612e-18  -1.0900270e-17   6.9388939e-18   1.9405055e-17  -4.1408519e-17   4.2064519e-17  -2.0816682e-16   3.0142910e-16  -5.0937201e-17  -1.3161264e-16   1.3877788e-16   7.5572413e-17  -7.1429430e-16   5.4300597e-16   5.5511151e-16  -1.5989968e-15   1.8883959e-15  -1.1198488e-15  -2.2204460e-16   3.3227639e-15  -3.8023206e-15  -4.5273603e-15   9.7699626e-15  -1.1692412e-15  -1.6524174e-15   2.2254383e-14  -3.7303494e-14  -1.4102665e-17   3.5434533e-14  -4.5917858e-14   3.1974423e-14   1.6687282e-14  -1.1996203e-13   1.5187005e-13   0.0000000e+00  -1.0549933e-13   5.4262865e-14  -1.2906180e-13   8.5265128e-14   3.3444535e-13  -1.6712222e-13  -7.6917773e-13   4.8316906e-13   4.8316906e-13  -4.5474735e-13   4.5474735e-13  -4.3428564e+02   8.8499980e+02  -4.2916831e+02  -1.4446805e-12
  -1.1589983e-17   5.3993595e-18   1.2780831e-18  -2.0816682e-17   5.7431027e-17  -1.0613869e-17   2.4929649e-18  -4.1633363e-17   2.1690499e-17   7.9578907e-18  -9.7698377e-17   5.5511151e-17   3.3345186e-16   6.7284882e-17  -6.8790008e-16   3.8857806e-16  -1.2362954e-16  -5.2193091e-16   1.4755751e-15  -3.1086245e-15   3.3668283e-15   2.3227010e-15  -9.1432053e-15   5.7731597e-15  -6.5393361e-16  -1.4770598e-14   2.0137714e-14   1.2434498e-14  -3.6457540e-14   3.7215008e-14  -1.8918834e-14   5.3290705e-15   3.5451469e-14  -7.7461246e-14   1.6273937e-14   9.5923269e-14  -1.6640479e-13   1.9211212e-13  -2.2582283e-16  -1.7053026e-13  -3.8350327e-13   1.1642478e-12  -6.1664914e-13  -1.5063506e-12   2.9274361e-12  -1.9895197e-12  -3.9790393e-13  -4.2916831e+02   8.7462089e+02  -4.2416801e+02
