   1.1354815e+03  -9.0808471e+02   5.6843419e-13  -3.4106051e-13   3.4106051e-13  -1.1368684e-13  -2.7161686e-14   8.3660271e-14   1.1467984e-13  -5.6843419e-14  -6.4351306e-14   1.7778144e-14   1.6940010e-14  -6.3948846e-14   1.8623973e-14   2.7197307e-14  -1.3238079e-14   1.7763568e-14  -4.8698760e-15  -4.3748381e-15   4.5572727e-15  -5.3290705e-15   9.6084839e-15  -1.2496410e-15  -2.9047313e-15   2.2204460e-15  -2.8257499e-15   1.3783169e-15  -4.2788722e-16  -4.4408921e-16   3.3300394e-16   8.7172694e-16  -8.4337209e-16   3.3306691e-16  -2.7051271e-16  -2.0845819e-16   3.1661761e-16   0.0000000e+00   2.9502976e-17  -1.9248667e-16   1.6628479e-16  -4.1633363e-17  -5.4846584e-17   3.1290672e-17   7.0739135e-18   6.9388939e-18  -7.4282391e-18  -2.0633322e-17   1.2202862e-17   3.4694470e-18
  -9.0808471e+02   1.8609579e+03  -9.0372445e+02  -1.1368684e-13   1.1368684e-13   6.2527761e-13  -3.4106051e-13  -1.7822995e-13  -1.5482035e-13   1.7993262e-13  -2.8421709e-14   2.2475465e-14  -8.3103832e-14   1.6583323e-13  -1.0658141e-13   1.8138587e-14  -7.4654524e-15   1.5117206e-15  -3.5527137e-15   6.2999208e-15   6.8514806e-15   5.1750194e-15  -8.8817842e-15   1.8872517e-15   1.1952377e-15  -2.5187197e-15   4.8849813e-15  -2.2699842e-15   2.0907751e-15  -8.0348205e-16   4.4408921e-16  -1.2506679e-15   1.1417862e-15  -1.0112388e-15   6.6613381e-16   2.7285233e-16  -5.8090703e-16   3.6476902e-16  -3.6082248e-16   2.7230050e-16  -2.0490564e-16   1.0764453e-16   4.1633363e-17  -6.1777501e-17   3.3724354e-17  -2.6517424e-17   6.9388939e-18   2.0858731e-17  -2.0603335e-17  -2.4524680e-18
   5.6843419e-13  -9.0372445e+02   1.8443495e+03  -8.8751246e+02  -6.8212103e-13  -1.0231815e-12   6.2527761e-13  -5.6843419e-14   6.4971496e-14   3.3661391e-14  -5.0173169e-14  -5.6843419e-14   7.7115710e-14  -1.4419085e-13   1.1386129e-13  -8.5265128e-14   3.2912922e-14  -4.1156451e-14   3.3221334e-14  -3.5527137e-15  -1.9025871e-14   4.8268763e-15  -5.9845077e-15  -1.7763568e-15   2.5726275e-15  -3.0422677e-16  -3.3382422e-15   3.1086245e-15  -5.2520267e-15   4.4508546e-15  -2.6357768e-15   1.1102230e-15   1.3901806e-16   4.3600260e-16  -9.6298263e-16   1.1102230e-16   5.3259417e-16  -1.1009667e-15   1.0012276e-15  -2.2204460e-16  -1.8836007e-16  -1.7835312e-17   1.8894716e-16  -1.3877788e-16  -8.1516636e-18  -4.4444077e-18   2.3568826e-17  -2.0816682e-17   2.1376939e-17  -9.8894748e-19
  -3.4106051e-13  -1.1368684e-13  -8.8751246e+02   1.7947890e+03  -8.5523187e+02   5.6843419e-13  -2.2737368e-13   2.8421709e-13   0.0000000e+00  -4.4064459e-13   3.7305872e-13  -1.0400332e-14  -4.2632564e-14   8.1273092e-14  -3.2148618e-14   5.6377867e-14  -4.2632564e-14   7.4858799e-14  -4.4625996e-14   6.0118764e-15   1.7763568e-14  -1.2674875e-14   1.1030024e-14   2.3583128e-16  -3.5527137e-15  -3.5166716e-16   2.6245874e-15  -6.9847791e-15   6.2172489e-15  -2.8792620e-15   1.8147631e-15  -2.2478558e-15  -4.4408921e-16   1.2591650e-15   4.0903170e-16  -4.5532681e-16   1.1102230e-16   5.9764530e-16  -9.2602098e-16   2.1293785e-16   3.6082248e-16  -1.4705284e-16  -3.0590676e-16   3.2954727e-16  -8.3266727e-17   5.2884412e-17  -3.5696482e-18  -1.2934302e-17   1.3877788e-17  -2.1339454e-17
   3.4106051e-13   1.1368684e-13  -6.8212103e-13  -8.5523187e+02   1.7126242e+03  -8.1200624e+02  -2.2737368e-13  -5.6843419e-14   5.6843419e-14   5.1159077e-13  -4.8006385e-13   1.3928770e-13  -2.7783870e-14   0.0000000e+00  -2.7663294e-14   5.2561587e-14   4.4116902e-15  -9.2370556e-14   3.0921629e-14   1.0405912e-14  -4.4544360e-15   3.5527137e-15  -4.4960795e-15   7.3138752e-15  -1.5832128e-16  -5.3290705e-15  -1.8897683e-15   9.3376559e-15  -6.8284593e-15  -4.4408921e-16   1.6358670e-15   7.5679192e-16  -6.2016842e-17  -2.2204460e-15   1.1825422e-15  -4.8496805e-16  -4.3818428e-16   7.7715612e-16  -4.8811795e-16   4.6565716e-16  -1.9094815e-16   2.7755576e-17   2.0284191e-16  -2.9202442e-16   2.0324402e-16  -1.6653345e-16  -4.4591682e-17   6.0615753e-17  -4.9903078e-17   3.4694470e-17
  -1.1368684e-13   6.2527761e-13  -1.0231815e-12   5.6843419e-13  -8.1200624e+02   1.6179474e+03  -7.6876812e+02  -1.1368684e-12   6.8212103e-13  -5.6843419e-13   8.5265128e-13  -6.1359368e-13   2.8804084e-13  -2.0482669e-13   1.5631940e-13  -1.9960924e-13   8.7069879e-14   4.8078664e-14  -7.8159701e-14   5.9039320e-14  -3.9455481e-14   2.9398927e-14  -1.4210855e-14  -6.7216072e-16  -7.2433051e-17   1.1398569e-14   0.0000000e+00  -8.9040261e-15   6.3598210e-15  -6.5144393e-15   8.8817842e-16   3.5594340e-16  -1.8161352e-15   2.1292447e-15  -1.5543122e-15   7.2887606e-16   4.9177880e-16  -1.5991423e-15   1.9984014e-15  -1.1332428e-15  -5.4041169e-17   2.4605755e-16   5.5511151e-17  -7.8235745e-17  -1.6185748e-16   1.6257516e-16   2.7755576e-17  -4.0147112e-17  -4.3359377e-17   3.6127216e-17
  -2.7161686e-14  -3.4106051e-13   6.2527761e-13  -2.2737368e-13  -2.2737368e-13  -7.6876812e+02   1.5350908e+03  -7.3333575e+02  -1.8189894e-12   9.0949470e-13  -1.0800250e-12   6.8212103e-13  -3.2875782e-13   3.2986074e-13  -3.1370798e-13   1.5631940e-13  -6.9862264e-14  -2.9641208e-14   1.3003079e-13  -1.7053026e-13   8.6033879e-14  -1.4803283e-14   2.2660485e-16  -1.7763568e-14   9.3738281e-15   3.2654491e-15   3.0209085e-15   1.7763568e-15  -3.9006133e-15   7.9490871e-15  -5.6347035e-15   3.9968029e-15   6.0387491e-16  -9.1302739e-16   1.0660945e-15   2.2204460e-16  -1.3319784e-15   2.5784027e-15  -2.7034854e-15   9.9920072e-16   5.3252503e-16  -7.2397132e-16   2.7180688e-17   3.3306691e-16  -1.8263979e-16   2.5688937e-17   3.8617875e-17  -6.9388939e-17   1.1299448e-16  -6.4846362e-17
   8.3660271e-14  -1.7822995e-13  -5.6843419e-14   2.8421709e-13  -5.6843419e-14  -1.1368684e-12  -7.3333575e+02   1.4722426e+03  -7.0679911e+02  -9.0949470e-13   2.8421709e-13   2.2737368e-13  -2.8421709e-13  -1.2603177e-13   3.3185235e-13   2.2416415e-13  -3.2684966e-13   1.0158250e-13  -1.5184098e-14   8.3927591e-14  -1.0658141e-13  -5.0669739e-15   3.5992749e-14   3.0046563e-14  -2.1316282e-14  -2.1538195e-14   8.3517496e-15   1.4431797e-15   6.2172489e-15  -3.5621708e-15   1.0242330e-14  -8.3198099e-15   2.6645353e-15  -6.8556442e-16   2.3191007e-16   3.6982505e-16   2.2204460e-16  -2.1719520e-15   2.0395363e-15  -6.7537808e-16  -6.1062266e-16   6.2057961e-16  -4.0336421e-16   2.8796906e-16  -2.7755576e-17   8.1510435e-17  -2.0837808e-16   2.1992255e-16  -1.3877788e-17  -2.3480042e-17
   1.1467984e-13  -1.5482035e-13   6.4971496e-14   0.0000000e+00   5.6843419e-14   6.8212103e-13  -1.8189894e-12  -7.0679911e+02   1.4260027e+03  -6.8721338e+02   9.0949470e-13  -6.8212103e-13   5.6843419e-13   0.0000000e+00  -2.8480581e-13  -5.1473835e-13   5.8216705e-13  -1.5631940e-13  -7.1971671e-14   4.0744362e-14   1.1212581e-13  -2.8421709e-14  -1.4265626e-14  -1.8106034e-14   9.5279995e-15   2.8421709e-14  -2.8965744e-14   5.4442588e-15  -4.6150075e-15   7.9936058e-15  -9.6628498e-15   4.7579981e-15  -2.6634612e-15   2.6645353e-15  -4.4213048e-15   1.0156203e-15   1.0924328e-15   6.6613381e-16  -1.1664507e-15   1.9842615e-15  -1.5073901e-15   1.0547119e-15   3.9477375e-18  -1.0838900e-15   9.3846299e-16  -5.2735594e-16   3.5543584e-16  -2.6294383e-16  -4.9822319e-17   4.1633363e-17
  -5.6843419e-14   1.7993262e-13   3.3661391e-14  -4.4064459e-13   5.1159077e-13  -5.6843419e-13   9.0949470e-13  -9.0949470e-13  -6.8721338e+02   1.3917800e+03  -6.7269264e+02   6.8212103e-13  -5.6843419e-13   1.7053026e-13   5.6843419e-14   3.7991644e-13  -3.6021144e-13   2.1347541e-13  -5.6843419e-14  -2.8775314e-14  -9.4130679e-14   1.1309496e-13  -7.8159701e-14   1.4543539e-14   1.5351840e-14  -1.8279662e-14   2.8421709e-14  -1.5937907e-14   9.0489924e-16  -3.9897861e-15  -2.6645353e-15   6.3333989e-15   2.7710860e-15  -6.0943384e-15   7.9936058e-15  -3.5433176e-15  -1.1430964e-15   1.3048240e-15  -6.6613381e-16  -1.4225132e-15   2.8447501e-15  -2.4338085e-15   6.6613381e-16   9.8817684e-16  -1.4113667e-15   9.4142579e-16  -4.4408921e-16   2.9598920e-16  -8.8124685e-17   3.8949119e-17
  -6.4351306e-14  -2.8421709e-14  -5.0173169e-14   3.7305872e-13  -4.8006385e-13   8.5265128e-13  -1.0800250e-12   2.8421709e-13   9.0949470e-13  -6.7269264e+02   1.3663768e+03  -6.6192545e+02   3.4106051e-13  -3.4106051e-13   3.9790393e-13  -2.2737368e-13   2.7709676e-13  -2.9683028e-13   3.4642492e-13  -2.4158453e-13   1.5035735e-13  -1.0812491e-13   9.7775892e-14  -4.9737992e-14   3.9223488e-15   2.9420746e-15  -2.0442499e-14   1.7763568e-14  -8.6949758e-15   8.8016902e-16   2.2796794e-16   8.8817842e-16  -6.1963561e-15   5.6034698e-15  -4.4674901e-15   1.7763568e-15   1.1824612e-15  -9.2965223e-16   3.3268549e-15  -2.4424907e-15  -1.8124280e-15   2.9498595e-15  -2.0409770e-15   1.0547119e-15   4.7477664e-17  -3.8613453e-16   2.1960108e-16  -2.2204460e-16   1.5695550e-16  -1.0647735e-16
   1.7778144e-14   2.2475465e-14  -5.6843419e-14  -1.0400332e-14   1.3928770e-13  -6.1359368e-13   6.8212103e-13   2.2737368e-13  -6.8212103e-13   6.8212103e-13  -6.6192545e+02   1.3475826e+03  -6.5396435e+02  -3.4106051e-13   1.1368684e-13  -1.1368684e-13  -5.6843419e-14   4.5000698e-15  -4.5518137e-13   7.0515635e-13  -3.8369308e-13   5.3774900e-14  -2.6972218e-14   3.3287698e-14  -4.9737992e-14  -1.3633532e-14   5.1277622e-14  -5.3047326e-15  -2.1316282e-14   9.8082248e-15   1.6585352e-14  -1.5330662e-14   4.4408921e-15   2.8786737e-15  -5.5184040e-16  -2.9115550e-15   2.6645353e-15  -2.3369632e-15  -3.3263297e-15   3.7308773e-15   6.6613381e-16  -2.6838425e-15   3.7587173e-15  -3.5383022e-15   2.2759572e-15  -1.1513829e-15   3.9622604e-16   1.4713099e-16  -2.2204460e-16   1.1681663e-16
   1.6940010e-14  -8.3103832e-14   7.7115710e-14  -4.2632564e-14  -2.7783870e-14   2.8804084e-13  -3.2875782e-13  -2.8421709e-13   5.6843419e-13  -5.6843419e-13   3.4106051e-13  -6.5396435e+02   1.3337071e+03  -6.4807139e+02  -7.9580786e-13   5.1159077e-13  -1.7053026e-13   1.7053026e-13   2.5542576e-13  -5.7610554e-13   4.1411134e-13  -1.7053026e-13   3.6165690e-14   3.8575941e-14   6.0132102e-14  -3.5527137e-14  -1.0745724e-14  -3.9675973e-14   6.6870119e-14  -3.9079850e-14  -1.0988544e-14   1.0950209e-14   3.5717024e-15  -1.2434498e-14   5.3751329e-15   3.3064182e-15  -4.2332174e-16  -8.8817842e-16   1.9902476e-15  -2.2254306e-15   9.7191443e-16   1.1102230e-15  -3.0119153e-15   2.8567917e-15  -2.1454060e-15   1.6098234e-15  -5.1833035e-16  -4.1243953e-16   3.5936721e-16  -2.7755576e-17
  -6.3948846e-14   1.6583323e-13  -1.4419085e-13   8.1273092e-14   0.0000000e+00  -2.0482669e-13   3.2986074e-13  -1.2603177e-13   0.0000000e+00   1.7053026e-13  -3.4106051e-13  -3.4106051e-13  -6.4807139e+02   1.3234056e+03  -6.4366336e+02  -4.5474735e-13   6.2527761e-13   1.1368684e-13  -3.9790393e-13   2.8795610e-13  -3.0601053e-13   2.1386127e-13   0.0000000e+00  -7.3207278e-14   2.8932735e-14   3.7074420e-14  -7.8159701e-14   6.1406148e-14  -1.3182086e-14   1.4238813e-14   0.0000000e+00  -2.7344947e-14   2.1903745e-14   2.2905885e-15  -1.0658141e-14   7.1432625e-15  -3.7492294e-15  -1.5745369e-15   4.4408921e-16   1.3524249e-15  -6.8237447e-16  -1.8917261e-16   8.8817842e-16  -1.3669852e-16   1.7586498e-16  -5.1122704e-16   4.9960036e-16  -8.2613733e-16   6.9885686e-16  -2.3484055e-16
   1.8623973e-14  -1.0658141e-13   1.1386129e-13  -3.2148618e-14  -2.7663294e-14   1.5631940e-13  -3.1370798e-13   3.3185235e-13  -2.8480581e-13   5.6843419e-14   3.9790393e-13   1.1368684e-13  -7.9580786e-13  -6.4366336e+02   1.3156257e+03  -6.4028980e+02  -1.1368684e-12   5.6843419e-13   2.8421709e-13  -5.6843419e-13   7.3875806e-13  -2.8374243e-13   5.5796366e-15  -2.8421709e-14  -1.9003376e-13   1.7854535e-13  -3.4891728e-14  -3.5527137e-14  -1.6380520e-16  -1.0020592e-14   4.8780976e-14   2.8421709e-14  -6.6415863e-14   3.9977231e-14  -1.0216525e-14  -1.2434498e-14   1.0264481e-14   5.1826748e-15  -1.7066425e-15  -3.1086245e-15  -6.7830900e-16  -1.4940271e-16   3.4210512e-16  -1.1102230e-15   3.5435237e-16   3.7749006e-16  -1.4007415e-15   2.6645353e-15  -1.8737707e-15   5.4400560e-16
   2.7197307e-14   1.8138587e-14  -8.5265128e-14   5.6377867e-14   5.2561587e-14  -1.9960924e-13   1.5631940e-13   2.2416415e-13  -5.1473835e-13   3.7991644e-13  -2.2737368e-13  -1.1368684e-13   5.1159077e-13  -4.5474735e-13  -6.4028980e+02   1.3095695e+03  -6.3761182e+02  -1.7053026e-12   4.5474735e-13   5.6843419e-13  -8.5265128e-13   3.6812841e-13  -1.2807082e-13   1.4291415e-13   2.1316282e-13  -2.6366464e-13   7.7726597e-14   6.0029144e-14  -5.6843419e-14   8.3553156e-14  -1.3187057e-13   5.3024561e-14   3.1974423e-14  -5.4262585e-14   1.9147430e-14   6.1140610e-15  -1.4210855e-14   3.1763727e-15  -2.6567433e-15   5.8167789e-15   1.3322676e-15  -8.6830949e-16  -6.4435067e-16   5.9489634e-17   1.1102230e-15  -1.8332724e-15   2.2741128e-15  -2.1609270e-15   1.4432899e-15  -6.7893633e-16
  -1.3238079e-14  -7.4654524e-15   3.2912922e-14  -4.2632564e-14   4.4116902e-15   8.7069879e-14  -6.9862264e-14  -3.2684966e-13   5.8216705e-13  -3.6021144e-13   2.7709676e-13  -5.6843419e-14  -1.7053026e-13   6.2527761e-13  -1.1368684e-12  -6.3761182e+02   1.3046436e+03  -6.3537878e+02  -5.1159077e-13  -2.2737368e-13   5.6843419e-14  -1.1368684e-13  -4.9200329e-14   2.9094715e-13  -2.6253948e-13   1.4210855e-13   5.4766227e-14  -8.2435946e-14   5.4828960e-14  -7.1054274e-14   5.3942538e-14  -5.3906181e-14   1.3964557e-14   1.4210855e-14   2.8835180e-15   4.3144764e-15  -1.4606217e-15  -8.8817842e-16  -4.4337872e-17   4.6158746e-17  -5.6823642e-15   6.6613381e-15  -3.8001616e-15   2.6032050e-15  -1.6422201e-15   4.4408921e-16  -1.3873182e-15   1.2668852e-15  -4.8416797e-16   2.2204460e-16
   1.7763568e-14   1.5117206e-15  -4.1156451e-14   7.4858799e-14  -9.2370556e-14   4.8078664e-14  -2.9641208e-14   1.0158250e-13  -1.5631940e-13   2.1347541e-13  -2.9683028e-13   4.5000698e-15   1.7053026e-13   1.1368684e-13   5.6843419e-13  -1.7053026e-12  -6.3537878e+02   1.3004128e+03  -6.3340658e+02  -5.6843419e-14   1.2505552e-12  -3.9790393e-13   3.4106051e-13  -9.1062788e-13   6.8567596e-13  -2.8390491e-13  -1.2789769e-13   1.6990986e-13  -3.0358238e-14  -3.9181660e-14   2.8421709e-14   2.9512402e-14  -2.1057908e-14   1.6470716e-15   2.8421709e-14  -7.0797786e-14   6.0812638e-14  -1.5057827e-14  -1.7763568e-15   4.4323710e-15   2.2574057e-15  -1.4842191e-14   9.7699626e-15  -2.0433428e-15  -2.2111310e-15   5.2005946e-15  -2.4424907e-15   5.7014657e-16  -7.8300661e-16   3.7874063e-16
  -4.8698760e-15  -3.5527137e-15   3.3221334e-14  -4.4625996e-14   3.0921629e-14  -7.8159701e-14   1.3003079e-13  -1.5184098e-14  -7.1971671e-14  -5.6843419e-14   3.4642492e-13  -4.5518137e-13   2.5542576e-13  -3.9790393e-13   2.8421709e-13   4.5474735e-13  -5.1159077e-13  -6.3340658e+02   1.2965570e+03  -6.3155981e+02  -1.9895197e-12   8.5265128e-13  -1.1368684e-13   5.6843419e-13  -4.1065857e-13   4.2670302e-14   3.4914354e-13  -3.4106051e-13   3.6184559e-14   6.3600972e-14   6.3845335e-14  -1.1368684e-13   1.7735834e-14   3.9836430e-14  -5.1010773e-14   1.0658141e-13  -8.6992516e-14   3.8953720e-15   3.3121558e-14  -3.8191672e-14   2.3517711e-14   3.5700692e-15  -4.2284859e-15  -2.6645353e-15   4.3799743e-15  -6.8335495e-15   5.2338078e-15  -1.9984014e-15   5.6511965e-17   4.2850181e-16
  -4.3748381e-15   6.2999208e-15  -3.5527137e-15   6.0118764e-15   1.0405912e-14   5.9039320e-14  -1.7053026e-13   8.3927591e-14   4.0744362e-14  -2.8775314e-14  -2.4158453e-13   7.0515635e-13  -5.7610554e-13   2.8795610e-13  -5.6843419e-13   5.6843419e-13  -2.2737368e-13  -5.6843419e-14  -6.3155981e+02   1.2928409e+03  -6.2973842e+02  -9.0949470e-13   5.6843419e-13  -3.4106051e-13  -2.2737368e-13   5.1973683e-13  -4.5840468e-13   2.5297061e-13   4.2632564e-14  -3.7232793e-14  -3.3012680e-14  -2.4399928e-14   9.2370556e-14  -4.9212252e-14  -9.1749535e-15   9.1045863e-15  -1.4210855e-14   3.4193233e-14  -3.9721287e-14   4.2134258e-14  -3.9079850e-14   3.6577498e-15   9.4946085e-15  -1.3267928e-15  -8.8817842e-16   1.8326324e-15  -2.2528689e-15  -9.7736662e-17   2.6645353e-15  -1.4404144e-15
   4.5572727e-15   6.8514806e-15  -1.9025871e-14   1.7763568e-14  -4.4544360e-15  -3.9455481e-14   8.6033879e-14  -1.0658141e-13   1.1212581e-13  -9.4130679e-14   1.5035735e-13  -3.8369308e-13   4.1411134e-13  -3.0601053e-13   7.3875806e-13  -8.5265128e-13   5.6843419e-14   1.2505552e-12  -1.9895197e-12  -6.2973842e+02   1.2890894e+03  -6.2786802e+02  -1.4210855e-12   3.9790393e-13   2.2737368e-13  -5.1159077e-13   1.6941141e-13   2.3959445e-13  -3.7576468e-13   5.6843419e-14  -4.9598273e-14   2.4127707e-13  -8.5994602e-14  -8.5265128e-14   6.2155113e-14  -2.7719845e-14   2.4622065e-14  -2.8421709e-14   1.2672167e-14  -2.8253447e-14   3.7651996e-14   8.8817842e-16  -1.6346767e-14   5.2629269e-15  -4.7980636e-16   1.7763568e-15  -1.9222745e-15   7.9531281e-16  -2.6601714e-16   0.0000000e+00
  -5.3290705e-15   5.1750194e-15   4.8268763e-15  -1.2674875e-14   3.5527137e-15   2.9398927e-14  -1.4803283e-14  -5.0669739e-15  -2.8421709e-14   1.1309496e-13  -1.0812491e-13   5.3774900e-14  -1.7053026e-13   2.1386127e-13  -2.8374243e-13   3.6812841e-13  -1.1368684e-13  -3.9790393e-13   8.5265128e-13  -9.0949470e-13  -6.2786802e+02   1.2851725e+03  -6.2589291e+02  -1.1368684e-12   1.7053026e-13   1.1937118e-12  -8.2422957e-13  -5.1891747e-14   2.8788875e-13  -7.1334792e-14   4.2632564e-14  -2.2711102e-13   3.0617243e-16   1.0372116e-13  -7.1054274e-14  -2.0984086e-14   4.3315302e-14   4.1585842e-14  -4.2632564e-14   3.5996795e-14  -2.9318914e-14   1.2783404e-14  -1.7763568e-15   1.8409223e-15  -9.0300917e-15   4.7142968e-15   1.7763568e-15   8.6612339e-16  -4.5527436e-15   9.9315630e-16
   9.6084839e-15  -8.8817842e-15  -5.9845077e-15   1.1030024e-14  -4.4960795e-15  -1.4210855e-14   2.2660485e-16   3.5992749e-14  -1.4265626e-14  -7.8159701e-14   9.7775892e-14  -2.6972218e-14   3.6165690e-14   0.0000000e+00   5.5796366e-15  -1.2807082e-13  -4.9200329e-14   3.4106051e-13  -1.1368684e-13   5.6843419e-13  -1.4210855e-12  -6.2589291e+02   1.2809918e+03  -6.2377117e+02  -8.5265128e-13  -1.8758328e-12   1.7053026e-12  -3.1263880e-13  -2.8320264e-13   2.4158981e-13   2.3969436e-15   1.4210855e-14  -3.2059147e-14   6.4877107e-14   7.1862134e-14  -8.5265128e-14  -3.5669371e-15  -1.5870793e-14   2.2875962e-15   0.0000000e+00   2.1791893e-15  -1.0568239e-14   1.7879691e-14  -1.8651747e-14   2.3253733e-14  -1.4150748e-14   9.9188784e-16   4.4408921e-16   3.5185607e-15  -4.8111912e-16
  -1.2496410e-15   1.8872517e-15  -1.7763568e-15   2.3583128e-16   7.3138752e-15  -6.7216072e-16  -1.7763568e-14   3.0046563e-14  -1.8106034e-14   1.4543539e-14  -4.9737992e-14   3.3287698e-14   3.8575941e-14  -7.3207278e-14  -2.8421709e-14   1.4291415e-13   2.9094715e-13  -9.1062788e-13   5.6843419e-13  -3.4106051e-13   3.9790393e-13  -1.1368684e-12  -6.2377117e+02   1.2764739e+03  -6.2147146e+02   2.8421709e-13  -6.8212103e-13  -5.6843419e-14   3.9790393e-13   8.5670158e-14  -4.9211199e-13   4.3309528e-13  -9.9475983e-14  -1.6725706e-13  -6.2804061e-15   2.0191605e-13  -1.7763568e-13  -1.0318777e-15   6.6699849e-14  -1.6614325e-14   1.7763568e-14  -1.9108379e-14  -1.8933319e-14   2.6923590e-14  -1.5099033e-14   1.1289998e-14  -9.2202791e-15   3.0467440e-15   0.0000000e+00  -3.1507464e-16
  -2.9047313e-15   1.1952377e-15   2.5726275e-15  -3.5527137e-15  -1.5832128e-16  -7.2433051e-17   9.3738281e-15  -2.1316282e-14   9.5279995e-15   1.5351840e-14   3.9223488e-15  -4.9737992e-14   6.0132102e-14   2.8932735e-14  -1.9003376e-13   2.1316282e-13  -2.6253948e-13   6.8567596e-13  -4.1065857e-13  -2.2737368e-13   2.2737368e-13   1.7053026e-13  -8.5265128e-13  -6.2147146e+02   1.2715638e+03  -6.1897036e+02  -6.8212103e-13   2.8421709e-13   2.2737368e-13  -8.5265128e-13   8.4502495e-13  -4.7880564e-13  -3.2143799e-14   3.1263880e-13   3.1983400e-14  -2.1644775e-13   3.1731705e-13  -1.9895197e-13   5.4665247e-14  -4.1305977e-14   2.5585381e-14   1.7763568e-14  -1.9692102e-14   2.5764400e-15  -2.8026962e-15  -1.7763568e-15   1.7227104e-14  -1.6076033e-14   4.6615265e-15   0.0000000e+00
   2.2204460e-15  -2.5187197e-15  -3.0422677e-16  -3.5166716e-16  -5.3290705e-15   1.1398569e-14   3.2654491e-15  -2.1538195e-14   2.8421709e-14  -1.8279662e-14   2.9420746e-15  -1.3633532e-14  -3.5527137e-14   3.7074420e-14   1.7854535e-13  -2.6366464e-13   1.4210855e-13  -2.8390491e-13   4.2670302e-14   5.1973683e-13  -5.1159077e-13   1.1937118e-12  -1.8758328e-12   2.8421709e-13  -6.1897036e+02   1.2662203e+03  -6.1625047e+02   3.9790393e-13  -5.6843419e-13   9.0949470e-13  -3.6948222e-13  -3.9982440e-13   6.6270713e-13  -1.9101235e-13  -3.8369308e-13   3.2469060e-13  -2.0779239e-13   2.1602757e-13  -9.2370556e-14   9.1849319e-15  -1.8347266e-14   1.3393124e-14   2.4868996e-14  -1.3076150e-15  -6.0113531e-15  -9.6184860e-15  -6.2172489e-15   1.9117938e-14  -1.1746092e-14   3.0912693e-15
  -2.8257499e-15   4.8849813e-15  -3.3382422e-15   2.6245874e-15  -1.8897683e-15   0.0000000e+00   3.0209085e-15   8.3517496e-15  -2.8965744e-14   2.8421709e-14  -2.0442499e-14   5.1277622e-14  -1.0745724e-14  -7.8159701e-14  -3.4891728e-14   7.7726597e-14   5.4766227e-14  -1.2789769e-13   3.4914354e-13  -4.5840468e-13   1.6941141e-13  -8.2422957e-13   1.7053026e-12  -6.8212103e-13  -6.8212103e-13  -6.1625047e+02   1.2604133e+03  -6.1329957e+02   1.9895197e-12  -1.5916157e-12   8.5265128e-13   8.5265128e-13  -9.3826970e-13   6.8042022e-14   4.6374415e-13  -4.1211479e-13  -1.4831572e-14   5.7010923e-14   4.1752329e-14   1.4210855e-14  -8.6980778e-14   2.0755403e-14   6.0385622e-14  -6.3948846e-14   1.9083189e-14   1.4358942e-14  -1.5097961e-14  -1.7763568e-15   4.5823905e-15  -3.5574963e-16
   1.3783169e-15  -2.2699842e-15   3.1086245e-15  -6.9847791e-15   9.3376559e-15  -8.9040261e-15   1.7763568e-15   1.4431797e-15   5.4442588e-15  -1.5937907e-14   1.7763568e-14  -5.3047326e-15  -3.9675973e-14   6.1406148e-14  -3.5527137e-14   6.0029144e-14  -8.2435946e-14   1.6990986e-13  -3.4106051e-13   2.5297061e-13   2.3959445e-13  -5.1891747e-14  -3.1263880e-13  -5.6843419e-14   2.8421709e-13   3.9790393e-13  -6.1329957e+02   1.2541228e+03  -6.1010949e+02   2.8421709e-12  -1.7621460e-12  -1.1368684e-13   0.0000000e+00   1.8907734e-13  -1.9097358e-13   2.1407374e-13   2.2737368e-13  -2.5332820e-13   9.5288850e-14  -1.4985577e-13   1.4921397e-13  -3.3755448e-14  -1.1069161e-13   9.9104186e-14  -8.8817842e-15  -3.0638349e-14   2.8044609e-14  -1.8237046e-14   0.0000000e+00   5.2106659e-15
  -4.2788722e-16   2.0907751e-15  -5.2520267e-15   6.2172489e-15  -6.8284593e-15   6.3598210e-15  -3.9006133e-15   6.2172489e-15  -4.6150075e-15   9.0489924e-16  -8.6949758e-15  -2.1316282e-14   6.6870119e-14  -1.3182086e-14  -1.6380520e-16  -5.6843419e-14   5.4828960e-14  -3.0358238e-14   3.6184559e-14   4.2632564e-14  -3.7576468e-13   2.8788875e-13  -2.8320264e-13   3.9790393e-13   2.2737368e-13  -5.6843419e-13   1.9895197e-12  -6.1010949e+02   1.2473353e+03  -6.0667526e+02   1.1937118e-12  -6.2527761e-13   1.5916157e-12  -1.3642421e-12   3.7411914e-13  -2.5570159e-13  -1.3215028e-13   8.5265128e-14  -9.0884993e-14   2.5802378e-13  -9.0230071e-14  -7.1054274e-14   1.0724659e-13  -6.5302969e-14  -2.4883317e-14   5.5067062e-14  -2.0500597e-14   1.3554248e-14   1.3945463e-15  -1.0658141e-14
  -4.4408921e-16  -8.0348205e-16   4.4508546e-15  -2.8792620e-15  -4.4408921e-16  -6.5144393e-15   7.9490871e-15  -3.5621708e-15   7.9936058e-15  -3.9897861e-15   8.8016902e-16   9.8082248e-15  -3.9079850e-14   1.4238813e-14  -1.0020592e-14   8.3553156e-14  -7.1054274e-14  -3.9181660e-14   6.3600972e-14  -3.7232793e-14   5.6843419e-14  -7.1334792e-14   2.4158981e-13   8.5670158e-14  -8.5265128e-13   9.0949470e-13  -1.5916157e-12   2.8421709e-12  -6.0667526e+02   1.2400440e+03  -6.0299483e+02   6.8212103e-13  -2.7284841e-12   2.2168933e-12  -5.6843419e-13   2.8602767e-13  -2.1722593e-13   4.2852001e-13  -3.1263880e-13   8.0135345e-14  -3.5225174e-14   4.5534899e-14  -1.0658141e-13   6.9723081e-14   7.1258334e-14  -6.9785805e-14  -2.1316282e-14   4.2275744e-14  -2.7377463e-14   8.9236519e-15
   3.3300394e-16   4.4408921e-16  -2.6357768e-15   1.8147631e-15   1.6358670e-15   8.8817842e-16  -5.6347035e-15   1.0242330e-14  -9.6628498e-15  -2.6645353e-15   2.2796794e-16   1.6585352e-14  -1.0988544e-14   0.0000000e+00   4.8780976e-14  -1.3187057e-13   5.3942538e-14   2.8421709e-14   6.3845335e-14  -3.3012680e-14  -4.9598273e-14   4.2632564e-14   2.3969436e-15  -4.9211199e-13   8.4502495e-13  -3.6948222e-13   8.5265128e-13  -1.7621460e-12   1.1937118e-12  -6.0299483e+02   1.2322472e+03  -5.9906874e+02   3.4674486e-12  -2.6147973e-12   8.5265128e-13   0.0000000e+00   6.0162873e-16  -2.7925727e-13   3.1969962e-13  -3.2684966e-13   1.5000880e-13   3.7437582e-14   9.5158164e-14  -1.2079227e-13  -4.4601942e-14   2.7622130e-14   8.1859164e-14  -9.0594199e-14   4.9782252e-14  -9.2921761e-15
   8.7172694e-16  -1.2506679e-15   1.1102230e-15  -2.2478558e-15   7.5679192e-16   3.5594340e-16   3.9968029e-15  -8.3198099e-15   4.7579981e-15   6.3333989e-15   8.8817842e-16  -1.5330662e-14   1.0950209e-14  -2.7344947e-14   2.8421709e-14   5.3024561e-14  -5.3906181e-14   2.9512402e-14  -1.1368684e-13  -2.4399928e-14   2.4127707e-13  -2.2711102e-13   1.4210855e-14   4.3309528e-13  -4.7880564e-13  -3.9982440e-13   8.5265128e-13  -1.1368684e-13  -6.2527761e-13   6.8212103e-13  -5.9906874e+02   1.2239487e+03  -5.9489980e+02   2.2737368e-12  -5.1159077e-13  -5.6843419e-13   6.5369932e-13  -3.9115288e-13  -1.7591994e-13   4.9043181e-13  -5.5422333e-13   3.5221002e-13  -1.0340323e-13   7.3807669e-14  -2.8421709e-14   5.3625275e-14  -9.7753575e-14   3.2113577e-14   1.4210855e-14  -1.1468164e-14
  -8.4337209e-16   1.1417862e-15   1.3901806e-16  -4.4408921e-16  -6.2016842e-17  -1.8161352e-15   6.0387491e-16   2.6645353e-15  -2.6634612e-15   2.7710860e-15  -6.1963561e-15   4.4408921e-15   3.5717024e-15   2.1903745e-14  -6.6415863e-14   3.1974423e-14   1.3964557e-14  -2.1057908e-14   1.7735834e-14   9.2370556e-14  -8.5994602e-14   3.0617243e-16  -3.2059147e-14  -9.9475983e-14  -3.2143799e-14   6.6270713e-13  -9.3826970e-13   0.0000000e+00   1.5916157e-12  -2.7284841e-12   3.4674486e-12  -5.9489980e+02   1.2151563e+03  -5.9049279e+02  -6.2527761e-13   1.2505552e-12  -7.9580786e-13   3.1263880e-13   3.6397672e-13  -3.6258150e-13   4.5543862e-13  -4.1211479e-13  -1.1866958e-14   7.0164629e-14  -8.1767435e-14   6.3948846e-14   2.6860331e-14   5.6343827e-14  -9.6111731e-14   3.1974423e-14
   3.3306691e-16  -1.0112388e-15   4.3600260e-16   1.2591650e-15  -2.2204460e-15   2.1292447e-15  -9.1302739e-16  -6.8556442e-16   2.6645353e-15  -6.0943384e-15   5.6034698e-15   2.8786737e-15  -1.2434498e-14   2.2905885e-15   3.9977231e-14  -5.4262585e-14   1.4210855e-14   1.6470716e-15   3.9836430e-14  -4.9212252e-14  -8.5265128e-14   1.0372116e-13   6.4877107e-14  -1.6725706e-13   3.1263880e-13  -1.9101235e-13   6.8042022e-14   1.8907734e-13  -1.3642421e-12   2.2168933e-12  -2.6147973e-12   2.2737368e-12  -5.9049279e+02   1.2058819e+03  -5.8585443e+02  -1.3642421e-12   9.0949470e-13   3.4106051e-13  -2.2737368e-13  -4.8872834e-13   5.4187561e-13  -2.7910144e-13   2.8421709e-13  -1.0238789e-13   1.1769585e-13  -4.8109021e-14  -9.2370556e-14  -2.3374978e-14   7.8080539e-14  -5.8872620e-15
  -2.7051271e-16   6.6613381e-16  -9.6298263e-16   4.0903170e-16   1.1825422e-15  -1.5543122e-15   1.0660945e-15   2.3191007e-16  -4.4213048e-15   7.9936058e-15  -4.4674901e-15  -5.5184040e-16   5.3751329e-15  -1.0658141e-14  -1.0216525e-14   1.9147430e-14   2.8835180e-15   2.8421709e-14  -5.1010773e-14  -9.1749535e-15   6.2155113e-14  -7.1054274e-14   7.1862134e-14  -6.2804061e-15   3.1983400e-14  -3.8369308e-13   4.6374415e-13  -1.9097358e-13   3.7411914e-13  -5.6843419e-13   8.5265128e-13  -5.1159077e-13  -6.2527761e-13  -5.8585443e+02   1.1961411e+03  -5.8099324e+02  -0.0000000e+00  -2.2168933e-12   1.8189894e-12   6.8212103e-13  -1.4442366e-12   9.8285634e-13  -4.3300453e-13  -7.1054274e-14   1.6786606e-14  -9.9323011e-14   1.3752177e-13   2.1316282e-14  -3.8786781e-14  -1.8565027e-14
  -2.0845819e-16   2.7285233e-16   1.1102230e-16  -4.5532681e-16  -4.8496805e-16   7.2887606e-16   2.2204460e-16   3.6982505e-16   1.0156203e-15  -3.5433176e-15   1.7763568e-15  -2.9115550e-15   3.3064182e-15   7.1432625e-15  -1.2434498e-14   6.1140610e-15   4.3144764e-15  -7.0797786e-14   1.0658141e-13   9.1045863e-15  -2.7719845e-14  -2.0984086e-14  -8.5265128e-14   2.0191605e-13  -2.1644775e-13   3.2469060e-13  -4.1211479e-13   2.1407374e-13  -2.5570159e-13   2.8602767e-13   0.0000000e+00  -5.6843419e-13   1.2505552e-12  -1.3642421e-12  -5.8099324e+02   1.1859530e+03  -5.7591962e+02   3.8653525e-12  -4.3769433e-12   1.1368684e-12   1.2221335e-12  -1.4657643e-12   7.2895238e-13  -5.2657685e-14   7.1054274e-14  -1.1201405e-13   7.7785282e-14  -5.4431475e-14   2.1316282e-14  -6.1112869e-15
   3.1661761e-16  -5.8090703e-16   5.3259417e-16   1.1102230e-16  -4.3818428e-16   4.9177880e-16  -1.3319784e-15   2.2204460e-16   1.0924328e-15  -1.1430964e-15   1.1824612e-15   2.6645353e-15  -4.2332174e-16  -3.7492294e-15   1.0264481e-14  -1.4210855e-14  -1.4606217e-15   6.0812638e-14  -8.6992516e-14  -1.4210855e-14   2.4622065e-14   4.3315302e-14  -3.5669371e-15  -1.7763568e-13   3.1731705e-13  -2.0779239e-13  -1.4831572e-14   2.2737368e-13  -1.3215028e-13  -2.1722593e-13   6.0162873e-16   6.5369932e-13  -7.9580786e-13   9.0949470e-13  -0.0000000e+00  -5.7591962e+02   1.1753413e+03  -5.7064570e+02   3.0127012e-12  -3.1832315e-12   1.3073986e-12   4.8316906e-13  -8.5761445e-13   4.0969911e-13  -2.1744634e-14   0.0000000e+00   5.3869883e-14  -2.0567915e-13   1.8102332e-13  -7.1054274e-14
   0.0000000e+00   3.6476902e-16  -1.1009667e-15   5.9764530e-16   7.7715612e-16  -1.5991423e-15   2.5784027e-15  -2.1719520e-15   6.6613381e-16   1.3048240e-15  -9.2965223e-16  -2.3369632e-15  -8.8817842e-16  -1.5745369e-15   5.1826748e-15   3.1763727e-15  -8.8817842e-16  -1.5057827e-14   3.8953720e-15   3.4193233e-14  -2.8421709e-14   4.1585842e-14  -1.5870793e-14  -1.0318777e-15  -1.9895197e-13   2.1602757e-13   5.7010923e-14  -2.5332820e-13   8.5265128e-14   4.2852001e-13  -2.7925727e-13  -3.9115288e-13   3.1263880e-13   3.4106051e-13  -2.2168933e-12   3.8653525e-12  -5.7064570e+02   1.1643320e+03  -5.6518512e+02   3.3537617e-12  -3.4674486e-12   1.3642421e-12   1.4210855e-13  -2.1985620e-13  -4.0780572e-13   4.2437874e-13  -2.7000624e-13   3.0665922e-13  -3.0225836e-13   2.0231621e-13
   2.9502976e-17  -3.6082248e-16   1.0012276e-15  -9.2602098e-16  -4.8811795e-16   1.9984014e-15  -2.7034854e-15   2.0395363e-15  -1.1664507e-15  -6.6613381e-16   3.3268549e-15  -3.3263297e-15   1.9902476e-15   4.4408921e-16  -1.7066425e-15  -2.6567433e-15  -4.4337872e-17  -1.7763568e-15   3.3121558e-14  -3.9721287e-14   1.2672167e-14  -4.2632564e-14   2.2875962e-15   6.6699849e-14   5.4665247e-14  -9.2370556e-14   4.1752329e-14   9.5288850e-14  -9.0884993e-14  -3.1263880e-13   3.1969962e-13  -1.7591994e-13   3.6397672e-13  -2.2737368e-13   1.8189894e-12  -4.3769433e-12   3.0127012e-12  -5.6518512e+02   1.1529549e+03  -5.5955313e+02   2.4442670e-12  -1.7053026e-12   8.5265128e-13  -3.6948222e-13   6.6057267e-13  -5.3618745e-13   2.3967068e-13  -2.8421709e-14   7.5156295e-14  -1.4615018e-13
  -1.9248667e-16   2.7230050e-16  -2.2204460e-16   2.1293785e-16   4.6565716e-16  -1.1332428e-15   9.9920072e-16  -6.7537808e-16   1.9842615e-15  -1.4225132e-15  -2.4424907e-15   3.7308773e-15  -2.2254306e-15   1.3524249e-15  -3.1086245e-15   5.8167789e-15   4.6158746e-17   4.4323710e-15  -3.8191672e-14   4.2134258e-14  -2.8253447e-14   3.5996795e-14   0.0000000e+00  -1.6614325e-14  -4.1305977e-14   9.1849319e-15   1.4210855e-14  -1.4985577e-13   2.5802378e-13   8.0135345e-14  -3.2684966e-13   4.9043181e-13  -3.6258150e-13  -4.8872834e-13   6.8212103e-13   1.1368684e-12  -3.1832315e-12   3.3537617e-12  -5.5955313e+02   1.1412428e+03  -5.5376669e+02   2.0463631e-12  -1.3073986e-12   5.1159077e-13  -3.4106051e-13   4.1781970e-13  -6.6109230e-14  -2.9522141e-13   1.5631940e-13   1.5978345e-14
   1.6628479e-16  -2.0490564e-16  -1.8836007e-16   3.6082248e-16  -1.9094815e-16  -5.4041169e-17   5.3252503e-16  -6.1062266e-16  -1.5073901e-15   2.8447501e-15  -1.8124280e-15   6.6613381e-16   9.7191443e-16  -6.8237447e-16  -6.7830900e-16   1.3322676e-15  -5.6823642e-15   2.2574057e-15   2.3517711e-14  -3.9079850e-14   3.7651996e-14  -2.9318914e-14   2.1791893e-15   1.7763568e-14   2.5585381e-14  -1.8347266e-14  -8.6980778e-14   1.4921397e-13  -9.0230071e-14  -3.5225174e-14   1.5000880e-13  -5.5422333e-13   4.5543862e-13   5.4187561e-13  -1.4442366e-12   1.2221335e-12   1.3073986e-12  -3.4674486e-12   2.4442670e-12  -5.5376669e+02   1.1292324e+03  -5.4784421e+02   1.1368684e-13   3.9790393e-13   3.4106051e-13  -6.8212103e-13  -4.3197683e-15   6.2979236e-13  -4.1430894e-13   1.1368684e-13
  -4.1633363e-17   1.0764453e-16  -1.7835312e-17  -1.4705284e-16   2.7755576e-17   2.4605755e-16  -7.2397132e-16   6.2057961e-16   1.0547119e-15  -2.4338085e-15   2.9498595e-15  -2.6838425e-15   1.1102230e-15  -1.8917261e-16  -1.4940271e-16  -8.6830949e-16   6.6613381e-15  -1.4842191e-14   3.5700692e-15   3.6577498e-15   8.8817842e-16   1.2783404e-14  -1.0568239e-14  -1.9108379e-14   1.7763568e-14   1.3393124e-14   2.0755403e-14  -3.3755448e-14  -7.1054274e-14   4.5534899e-14   3.7437582e-14   3.5221002e-13  -4.1211479e-13  -2.7910144e-13   9.8285634e-13  -1.4657643e-12   4.8316906e-13   1.3642421e-12  -1.7053026e-12   2.0463631e-12  -5.4784421e+02   1.1169624e+03  -5.4180547e+02  -1.1368684e-12   2.8421709e-13   7.9580786e-13  -4.5474735e-13  -6.4394852e-13   5.3042338e-13  -1.3479966e-13
  -5.4846584e-17   4.1633363e-17   1.8894716e-16  -3.0590676e-16   2.0284191e-16   5.5511151e-17   2.7180688e-17  -4.0336421e-16   3.9477375e-18   6.6613381e-16  -2.0409770e-15   3.7587173e-15  -3.0119153e-15   8.8817842e-16   3.4210512e-16  -6.4435067e-16  -3.8001616e-15   9.7699626e-15  -4.2284859e-15   9.4946085e-15  -1.6346767e-14  -1.7763568e-15   1.7879691e-14  -1.8933319e-14  -1.9692102e-14   2.4868996e-14   6.0385622e-14  -1.1069161e-13   1.0724659e-13  -1.0658141e-13   9.5158164e-14  -1.0340323e-13  -1.1866958e-14   2.8421709e-13  -4.3300453e-13   7.2895238e-13  -8.5761445e-13   1.4210855e-13   8.5265128e-13  -1.3073986e-12   1.1368684e-13  -5.4180547e+02   1.1044751e+03  -5.3567167e+02  -8.5265128e-13  -0.0000000e+00   3.9790393e-13   3.9790393e-13   9.7562705e-14  -3.3316745e-13
   3.1290672e-17  -6.1777501e-17  -1.3877788e-16   3.2954727e-16  -2.9202442e-16  -7.8235745e-17   3.3306691e-16   2.8796906e-16  -1.0838900e-15   9.8817684e-16   1.0547119e-15  -3.5383022e-15   2.8567917e-15  -1.3669852e-16  -1.1102230e-15   5.9489634e-17   2.6032050e-15  -2.0433428e-15  -2.6645353e-15  -1.3267928e-15   5.2629269e-15   1.8409223e-15  -1.8651747e-14   2.6923590e-14   2.5764400e-15  -1.3076150e-15  -6.3948846e-14   9.9104186e-14  -6.5302969e-14   6.9723081e-14  -1.2079227e-13   7.3807669e-14   7.0164629e-14  -1.0238789e-13  -7.1054274e-14  -5.2657685e-14   4.0969911e-13  -2.1985620e-13  -3.6948222e-13   5.1159077e-13   3.9790393e-13  -1.1368684e-12  -5.3567167e+02   1.0918152e+03  -5.2946512e+02  -1.7053026e-13   1.7053026e-13  -8.5265128e-13  -3.9790393e-13   8.3208255e-13
   7.0739135e-18   3.3724354e-17  -8.1516636e-18  -8.3266727e-17   2.0324402e-16  -1.6185748e-16  -1.8263979e-16  -2.7755576e-17   9.3846299e-16  -1.4113667e-15   4.7477664e-17   2.2759572e-15  -2.1454060e-15   1.7586498e-16   3.5435237e-16   1.1102230e-15  -1.6422201e-15  -2.2111310e-15   4.3799743e-15  -8.8817842e-16  -4.7980636e-16  -9.0300917e-15   2.3253733e-14  -1.5099033e-14  -2.8026962e-15  -6.0113531e-15   1.9083189e-14  -8.8817842e-15  -2.4883317e-14   7.1258334e-14  -4.4601942e-14  -2.8421709e-14  -8.1767435e-14   1.1769585e-13   1.6786606e-14   7.1054274e-14  -2.1744634e-14  -4.0780572e-13   6.6057267e-13  -3.4106051e-13   3.4106051e-13   2.8421709e-13  -8.5265128e-13  -5.2946512e+02   1.0790294e+03  -5.2320919e+02   5.6843419e-14   1.5347723e-12  -3.9790393e-13  -5.9685590e-13
   6.9388939e-18  -2.6517424e-17  -4.4444077e-18   5.2884412e-17  -1.6653345e-16   1.6257516e-16   2.5688937e-17   8.1510435e-17  -5.2735594e-16   9.4142579e-16  -3.8613453e-16  -1.1513829e-15   1.6098234e-15  -5.1122704e-16   3.7749006e-16  -1.8332724e-15   4.4408921e-16   5.2005946e-15  -6.8335495e-15   1.8326324e-15   1.7763568e-15   4.7142968e-15  -1.4150748e-14   1.1289998e-14  -1.7763568e-15  -9.6184860e-15   1.4358942e-14  -3.0638349e-14   5.5067062e-14  -6.9785805e-14   2.7622130e-14   5.3625275e-14   6.3948846e-14  -4.8109021e-14  -9.9323011e-14  -1.1201405e-13   0.0000000e+00   4.2437874e-13  -5.3618745e-13   4.1781970e-13  -6.8212103e-13   7.9580786e-13  -0.0000000e+00  -1.7053026e-13  -5.2320919e+02   1.0661668e+03  -5.1692813e+02  -1.6484591e-12   1.0800250e-12  -5.6843419e-14
  -7.4282391e-18   6.9388939e-18   2.3568826e-17  -3.5696482e-18  -4.4591682e-17   2.7755576e-17   3.8617875e-17  -2.0837808e-16   3.5543584e-16  -4.4408921e-16   2.1960108e-16   3.9622604e-16  -5.1833035e-16   4.9960036e-16  -1.4007415e-15   2.2741128e-15  -1.3873182e-15  -2.4424907e-15   5.2338078e-15  -2.2528689e-15  -1.9222745e-15   1.7763568e-15   9.9188784e-16  -9.2202791e-15   1.7227104e-14  -6.2172489e-15  -1.5097961e-14   2.8044609e-14  -2.0500597e-14  -2.1316282e-14   8.1859164e-14  -9.7753575e-14   2.6860331e-14  -9.2370556e-14   1.3752177e-13   7.7785282e-14   5.3869883e-14  -2.7000624e-13   2.3967068e-13  -6.6109230e-14  -4.3197683e-15  -4.5474735e-13   3.9790393e-13   1.7053026e-13   5.6843419e-14  -5.1692813e+02   1.0532777e+03  -5.1064661e+02  -7.3896445e-13  -2.8421709e-13
  -2.0633322e-17   2.0858731e-17  -2.0816682e-17  -1.2934302e-17   6.0615753e-17  -4.0147112e-17  -6.9388939e-17   2.1992255e-16  -2.6294383e-16   2.9598920e-16  -2.2204460e-16   1.4713099e-16  -4.1243953e-16  -8.2613733e-16   2.6645353e-15  -2.1609270e-15   1.2668852e-15   5.7014657e-16  -1.9984014e-15  -9.7736662e-17   7.9531281e-16   8.6612339e-16   4.4408921e-16   3.0467440e-15  -1.6076033e-14   1.9117938e-14  -1.7763568e-15  -1.8237046e-14   1.3554248e-14   4.2275744e-14  -9.0594199e-14   3.2113577e-14   5.6343827e-14  -2.3374978e-14   2.1316282e-14  -5.4431475e-14  -2.0567915e-13   3.0665922e-13  -2.8421709e-14  -2.9522141e-13   6.2979236e-13  -6.4394852e-13   3.9790393e-13  -8.5265128e-13   1.5347723e-12  -1.6484591e-12  -5.1064661e+02   1.0404129e+03  -5.0438963e+02   3.7095149e-13
   1.2202862e-17  -2.0603335e-17   2.1376939e-17   1.3877788e-17  -4.9903078e-17  -4.3359377e-17   1.1299448e-16  -1.3877788e-17  -4.9822319e-17  -8.8124685e-17   1.5695550e-16  -2.2204460e-16   3.5936721e-16   6.9885686e-16  -1.8737707e-15   1.4432899e-15  -4.8416797e-16  -7.8300661e-16   5.6511965e-17   2.6645353e-15  -2.6601714e-16  -4.5527436e-15   3.5185607e-15   0.0000000e+00   4.6615265e-15  -1.1746092e-14   4.5823905e-15   0.0000000e+00   1.3945463e-15  -2.7377463e-14   4.9782252e-14   1.4210855e-14  -9.6111731e-14   7.8080539e-14  -3.8786781e-14   2.1316282e-14   1.8102332e-13  -3.0225836e-13   7.5156295e-14   1.5631940e-13  -4.1430894e-13   5.3042338e-13   9.7562705e-14  -3.9790393e-13  -3.9790393e-13   1.0800250e-12  -7.3896445e-13  -5.0438963e+02   1.0276241e+03  -4.9818208e+02
