   2.6332559e+08  -2.0882304e+08  -1.9371510e-07   7.4505806e-08   2.9802322e-08  -5.2154064e-08  -7.4505806e-09   1.1175871e-08   1.4901161e-08  -2.6077032e-08   1.3038516e-08  -1.8626451e-09   6.5192580e-09  -6.5192580e-09   4.6566129e-10   2.3283064e-09  -1.3969839e-09   1.3969839e-09  -5.8207661e-10  -1.1641532e-10   4.0745363e-10  -1.2290502e-10   0.0000000e+00   0.0000000e+00   0.0000000e+00   0.0000000e+00   0.0000000e+00   0.0000000e+00   0.0000000e+00   0.0000000e+00   0.0000000e+00   0.0000000e+00   0.0000000e+00   0.0000000e+00   0.0000000e+00   0.0000000e+00   0.0000000e+00   0.0000000e+00   0.0000000e+00   0.0000000e+00   0.0000000e+00   0.0000000e+00   0.0000000e+00   0.0000000e+00
  -2.0882304e+08   4.2435333e+08  -2.0457873e+08  -1.6391277e-07  -5.9604645e-08   1.1175871e-07  -1.4901161e-08  -2.9802322e-08   1.8626451e-08   1.8626451e-08  -1.6763806e-08   1.1175871e-08  -2.7939677e-09   0.0000000e+00  -4.1909516e-09  -4.6566129e-10   3.7252903e-09  -2.7939677e-09   1.1641532e-10   8.1490725e-10  -6.4028427e-10   2.0517275e-10   0.0000000e+00   0.0000000e+00   0.0000000e+00   0.0000000e+00   0.0000000e+00   0.0000000e+00   0.0000000e+00   0.0000000e+00   0.0000000e+00   0.0000000e+00   0.0000000e+00   0.0000000e+00   0.0000000e+00   0.0000000e+00   0.0000000e+00   0.0000000e+00   0.0000000e+00   0.0000000e+00   0.0000000e+00   0.0000000e+00   0.0000000e+00   0.0000000e+00
  -1.9371510e-07  -2.0457873e+08   4.1447759e+08  -1.9902797e+08   4.4703484e-08  -5.9604645e-08  -7.4505806e-09   1.4901161e-08  -2.2351742e-08   4.8428774e-08  -1.8626451e-08  -1.8626451e-08  -1.3038516e-08   2.7008355e-08   9.3132257e-10  -7.4505806e-09  -9.3132257e-10   1.1641532e-09   1.0477379e-09  -8.1490725e-10  -2.3283064e-10   2.2389247e-10   0.0000000e+00   0.0000000e+00   0.0000000e+00   0.0000000e+00   0.0000000e+00   0.0000000e+00   0.0000000e+00   0.0000000e+00   0.0000000e+00   0.0000000e+00   0.0000000e+00   0.0000000e+00   0.0000000e+00   0.0000000e+00   0.0000000e+00   0.0000000e+00   0.0000000e+00   0.0000000e+00   0.0000000e+00   0.0000000e+00   0.0000000e+00   0.0000000e+00
   7.4505806e-08  -1.6391277e-07  -1.9902797e+08   4.0163808e+08  -1.9188517e+08   2.9802322e-08   1.0430813e-07   0.0000000e+00  -7.4505806e-08  -4.0978193e-08   4.0978193e-08   2.6077032e-08  -5.5879354e-09  -3.1664968e-08   7.4505806e-09   9.7788870e-09  -6.5192580e-09   2.7939677e-09  -1.1641532e-09   4.6566129e-10   5.8207661e-10  -4.5220046e-10   0.0000000e+00   0.0000000e+00   0.0000000e+00   0.0000000e+00   0.0000000e+00   0.0000000e+00   0.0000000e+00   0.0000000e+00   0.0000000e+00   0.0000000e+00   0.0000000e+00   0.0000000e+00   0.0000000e+00   0.0000000e+00   0.0000000e+00   0.0000000e+00   0.0000000e+00   0.0000000e+00   0.0000000e+00   0.0000000e+00   0.0000000e+00   0.0000000e+00
   2.9802322e-08  -5.9604645e-08   4.4703484e-08  -1.9188517e+08   3.8526154e+08  -1.8290653e+08   4.4703484e-08  -5.9604645e-08   1.2665987e-07  -2.2351742e-08  -3.7252903e-08  -3.7252903e-09   5.5879354e-09   3.7252903e-09   7.4505806e-09  -9.3132257e-09   5.1222742e-09  -4.1909516e-09   3.9581209e-09  -2.4447218e-09   5.8207661e-10   4.2118106e-11   0.0000000e+00   0.0000000e+00   0.0000000e+00   0.0000000e+00   0.0000000e+00   0.0000000e+00   0.0000000e+00   0.0000000e+00   0.0000000e+00   0.0000000e+00   0.0000000e+00   0.0000000e+00   0.0000000e+00   0.0000000e+00   0.0000000e+00   0.0000000e+00   0.0000000e+00   0.0000000e+00   0.0000000e+00   0.0000000e+00   0.0000000e+00   0.0000000e+00
  -5.2154064e-08   1.1175871e-07  -5.9604645e-08   2.9802322e-08  -1.8290653e+08   3.6493076e+08  -1.7197193e+08   1.7881393e-07  -1.1175871e-07   1.7136335e-07  -5.2154064e-08  -2.6077032e-08   1.8626451e-08   7.4505806e-09  -2.6077032e-08   9.3132257e-09   3.7252903e-09   9.3132257e-10  -5.1222742e-09   3.4924597e-09  -2.0954758e-09   1.1171930e-09   0.0000000e+00   0.0000000e+00   0.0000000e+00   0.0000000e+00   0.0000000e+00   0.0000000e+00   0.0000000e+00   0.0000000e+00   0.0000000e+00   0.0000000e+00   0.0000000e+00   0.0000000e+00   0.0000000e+00   0.0000000e+00   0.0000000e+00   0.0000000e+00   0.0000000e+00   0.0000000e+00   0.0000000e+00   0.0000000e+00   0.0000000e+00   0.0000000e+00
  -7.4505806e-09  -1.4901161e-08  -7.4505806e-09   1.0430813e-07   4.4703484e-08  -1.7197193e+08   3.4057471e+08  -1.5916755e+08   1.3411045e-07  -2.7567148e-07   1.7881393e-07  -6.3329935e-08   2.9802322e-08   1.3038516e-08   3.7252903e-09  -9.3132257e-10  -1.2107193e-08   7.4505806e-09  -1.3969839e-09  -2.7939677e-09   4.0745363e-09  -1.9732756e-09   0.0000000e+00   0.0000000e+00   0.0000000e+00   0.0000000e+00   0.0000000e+00   0.0000000e+00   0.0000000e+00   0.0000000e+00   0.0000000e+00   0.0000000e+00   0.0000000e+00   0.0000000e+00   0.0000000e+00   0.0000000e+00   0.0000000e+00   0.0000000e+00   0.0000000e+00   0.0000000e+00   0.0000000e+00   0.0000000e+00   0.0000000e+00   0.0000000e+00
   1.1175871e-08  -2.9802322e-08   1.4901161e-08   0.0000000e+00  -5.9604645e-08   1.7881393e-07  -1.5916755e+08   3.1261111e+08  -1.4479797e+08   2.0861626e-07  -9.6857548e-08   1.4156103e-07  -5.2154064e-08  -3.7252903e-08   1.3038516e-08  -7.4505806e-09   1.6763806e-08  -1.2107193e-08   6.9849193e-09   1.6298145e-09  -4.8894435e-09   2.1937305e-09   0.0000000e+00   0.0000000e+00   0.0000000e+00   0.0000000e+00   0.0000000e+00   0.0000000e+00   0.0000000e+00   0.0000000e+00   0.0000000e+00   0.0000000e+00   0.0000000e+00   0.0000000e+00   0.0000000e+00   0.0000000e+00   0.0000000e+00   0.0000000e+00   0.0000000e+00   0.0000000e+00   0.0000000e+00   0.0000000e+00   0.0000000e+00   0.0000000e+00
   1.4901161e-08   1.8626451e-08  -2.2351742e-08  -7.4505806e-08   1.2665987e-07  -1.1175871e-07   1.3411045e-07  -1.4479797e+08   2.8185664e+08  -1.2925939e+08   0.0000000e+00  -8.9406967e-08   3.3527613e-08   2.2351742e-08  -3.7252903e-09   1.1175871e-08  -1.8626451e-09  -3.7252903e-09  -3.7252903e-09   1.6298145e-09   4.6566129e-10  -9.6814879e-10   0.0000000e+00   0.0000000e+00   0.0000000e+00   0.0000000e+00   0.0000000e+00   0.0000000e+00   0.0000000e+00   0.0000000e+00   0.0000000e+00   0.0000000e+00   0.0000000e+00   0.0000000e+00   0.0000000e+00   0.0000000e+00   0.0000000e+00   0.0000000e+00   0.0000000e+00   0.0000000e+00   0.0000000e+00   0.0000000e+00   0.0000000e+00   0.0000000e+00
  -2.6077032e-08   1.8626451e-08   4.8428774e-08  -4.0978193e-08  -2.2351742e-08   1.7136335e-07  -2.7567148e-07   2.0861626e-07  -1.2925939e+08   2.4911717e+08  -1.1284112e+08   8.9406967e-08  -2.2351742e-08   0.0000000e+00  -1.4901161e-08   7.4505806e-09  -1.9557774e-08   1.7695129e-08  -2.7939677e-09  -1.8626451e-09   2.7939677e-09  -8.6000152e-10   0.0000000e+00   0.0000000e+00   0.0000000e+00   0.0000000e+00   0.0000000e+00   0.0000000e+00   0.0000000e+00   0.0000000e+00   0.0000000e+00   0.0000000e+00   0.0000000e+00   0.0000000e+00   0.0000000e+00   0.0000000e+00   0.0000000e+00   0.0000000e+00   0.0000000e+00   0.0000000e+00   0.0000000e+00   0.0000000e+00   0.0000000e+00   0.0000000e+00
   1.3038516e-08  -1.6763806e-08  -1.8626451e-08   4.0978193e-08  -3.7252903e-08  -5.2154064e-08   1.7881393e-07  -9.6857548e-08   0.0000000e+00  -1.1284112e+08   2.1480227e+08  -9.5704589e+07  -8.9406967e-08   2.6077032e-08   5.2154064e-08  -5.2154064e-08   2.0489097e-08  -9.3132257e-10  -3.7252903e-09   3.2596290e-09   2.5611371e-09  -2.1357182e-09   0.0000000e+00   0.0000000e+00   0.0000000e+00   0.0000000e+00   0.0000000e+00   0.0000000e+00   0.0000000e+00   0.0000000e+00   0.0000000e+00   0.0000000e+00   0.0000000e+00   0.0000000e+00   0.0000000e+00   0.0000000e+00   0.0000000e+00   0.0000000e+00   0.0000000e+00   0.0000000e+00   0.0000000e+00   0.0000000e+00   0.0000000e+00   0.0000000e+00
  -1.8626451e-09   1.1175871e-08  -1.8626451e-08   2.6077032e-08  -3.7252903e-09  -2.6077032e-08  -6.3329935e-08   1.4156103e-07  -8.9406967e-08   8.9406967e-08  -9.5704589e+07   1.7919850e+08  -7.8183456e+07   1.4901161e-08  -7.4505806e-08   4.8428774e-08   3.7252903e-09  -1.9557774e-08   1.0244548e-08  -2.3283064e-09  -7.9162419e-09   5.5716314e-09   0.0000000e+00   0.0000000e+00   0.0000000e+00   0.0000000e+00   0.0000000e+00   0.0000000e+00   0.0000000e+00   0.0000000e+00   0.0000000e+00   0.0000000e+00   0.0000000e+00   0.0000000e+00   0.0000000e+00   0.0000000e+00   0.0000000e+00   0.0000000e+00   0.0000000e+00   0.0000000e+00   0.0000000e+00   0.0000000e+00   0.0000000e+00   0.0000000e+00
   6.5192580e-09  -2.7939677e-09  -1.3038516e-08  -5.5879354e-09   5.5879354e-09   1.8626451e-08   2.9802322e-08  -5.2154064e-08   3.3527613e-08  -2.2351742e-08  -8.9406967e-08  -7.8183456e+07   1.4335177e+08  -6.1101803e+07   7.0780516e-08  -2.2351742e-08   0.0000000e+00  -1.8626451e-09   5.5879354e-09  -9.7788870e-09   9.7788870e-09  -4.7860030e-09   0.0000000e+00   0.0000000e+00   0.0000000e+00   0.0000000e+00   0.0000000e+00   0.0000000e+00   0.0000000e+00   0.0000000e+00   0.0000000e+00   0.0000000e+00   0.0000000e+00   0.0000000e+00   0.0000000e+00   0.0000000e+00   0.0000000e+00   0.0000000e+00   0.0000000e+00   0.0000000e+00   0.0000000e+00   0.0000000e+00   0.0000000e+00   0.0000000e+00
  -6.5192580e-09   0.0000000e+00   2.7008355e-08  -3.1664968e-08   3.7252903e-09   7.4505806e-09   1.3038516e-08  -3.7252903e-08   2.2351742e-08   0.0000000e+00   2.6077032e-08   1.4901161e-08  -6.1101803e+07   1.0944923e+08  -4.5636012e+07   2.6077032e-08  -2.2351742e-08   3.1664968e-08  -2.3283064e-08   1.3038516e-08  -5.5879354e-09   2.4335833e-09   0.0000000e+00   0.0000000e+00   0.0000000e+00   0.0000000e+00   0.0000000e+00   0.0000000e+00   0.0000000e+00   0.0000000e+00   0.0000000e+00   0.0000000e+00   0.0000000e+00   0.0000000e+00   0.0000000e+00   0.0000000e+00   0.0000000e+00   0.0000000e+00   0.0000000e+00   0.0000000e+00   0.0000000e+00   0.0000000e+00   0.0000000e+00   0.0000000e+00
   4.6566129e-10  -4.1909516e-09   9.3132257e-10   7.4505806e-09   7.4505806e-09  -2.6077032e-08   3.7252903e-09   1.3038516e-08  -3.7252903e-09  -1.4901161e-08   5.2154064e-08  -7.4505806e-08   7.0780516e-08  -4.5636012e+07   7.9966926e+07  -3.2760655e+07   2.4214387e-08  -2.2351742e-08   2.7008355e-08  -1.1175871e-08  -1.3969839e-09   1.8173238e-09   0.0000000e+00   0.0000000e+00   0.0000000e+00   0.0000000e+00   0.0000000e+00   0.0000000e+00   0.0000000e+00   0.0000000e+00   0.0000000e+00   0.0000000e+00   0.0000000e+00   0.0000000e+00   0.0000000e+00   0.0000000e+00   0.0000000e+00   0.0000000e+00   0.0000000e+00   0.0000000e+00   0.0000000e+00   0.0000000e+00   0.0000000e+00   0.0000000e+00
   2.3283064e-09  -4.6566129e-10  -7.4505806e-09   9.7788870e-09  -9.3132257e-09   9.3132257e-09  -9.3132257e-10  -7.4505806e-09   1.1175871e-08   7.4505806e-09  -5.2154064e-08   4.8428774e-08  -2.2351742e-08   2.6077032e-08  -3.2760655e+07   5.6403033e+07  -2.2832343e+07   0.0000000e+00  -2.7008355e-08   1.6298145e-08   1.3969839e-09  -3.4211038e-09   0.0000000e+00   0.0000000e+00   0.0000000e+00   0.0000000e+00   0.0000000e+00   0.0000000e+00   0.0000000e+00   0.0000000e+00   0.0000000e+00   0.0000000e+00   0.0000000e+00   0.0000000e+00   0.0000000e+00   0.0000000e+00   0.0000000e+00   0.0000000e+00   0.0000000e+00   0.0000000e+00   0.0000000e+00   0.0000000e+00   0.0000000e+00   0.0000000e+00
  -1.3969839e-09   3.7252903e-09  -9.3132257e-10  -6.5192580e-09   5.1222742e-09   3.7252903e-09  -1.2107193e-08   1.6763806e-08  -1.8626451e-09  -1.9557774e-08   2.0489097e-08   3.7252903e-09   0.0000000e+00  -2.2351742e-08   2.4214387e-08  -2.2832343e+07   3.8842413e+07  -1.5627136e+07   4.1909516e-08  -1.6763806e-08  -1.8626451e-09   1.3341112e-10   0.0000000e+00   0.0000000e+00   0.0000000e+00   0.0000000e+00   0.0000000e+00   0.0000000e+00   0.0000000e+00   0.0000000e+00   0.0000000e+00   0.0000000e+00   0.0000000e+00   0.0000000e+00   0.0000000e+00   0.0000000e+00   0.0000000e+00   0.0000000e+00   0.0000000e+00   0.0000000e+00   0.0000000e+00   0.0000000e+00   0.0000000e+00   0.0000000e+00
   1.3969839e-09  -2.7939677e-09   1.1641532e-09   2.7939677e-09  -4.1909516e-09   9.3132257e-10   7.4505806e-09  -1.2107193e-08  -3.7252903e-09   1.7695129e-08  -9.3132257e-10  -1.9557774e-08  -1.8626451e-09   3.1664968e-08  -2.2351742e-08   0.0000000e+00  -1.5627136e+07   2.6421673e+07  -1.0614562e+07  -1.8626451e-09   1.0244548e-08  -5.7306026e-10   0.0000000e+00   0.0000000e+00   0.0000000e+00   0.0000000e+00   0.0000000e+00   0.0000000e+00   0.0000000e+00   0.0000000e+00   0.0000000e+00   0.0000000e+00   0.0000000e+00   0.0000000e+00   0.0000000e+00   0.0000000e+00   0.0000000e+00   0.0000000e+00   0.0000000e+00   0.0000000e+00   0.0000000e+00   0.0000000e+00   0.0000000e+00   0.0000000e+00
  -5.8207661e-10   1.1641532e-10   1.0477379e-09  -1.1641532e-09   3.9581209e-09  -5.1222742e-09  -1.3969839e-09   6.9849193e-09  -3.7252903e-09  -2.7939677e-09  -3.7252903e-09   1.0244548e-08   5.5879354e-09  -2.3283064e-08   2.7008355e-08  -2.7008355e-08   4.1909516e-08  -1.0614562e+07   1.7920560e+07  -7.1945616e+06  -1.7229468e-08   6.2058566e-09   0.0000000e+00   0.0000000e+00   0.0000000e+00   0.0000000e+00   0.0000000e+00   0.0000000e+00   0.0000000e+00   0.0000000e+00   0.0000000e+00   0.0000000e+00   0.0000000e+00   0.0000000e+00   0.0000000e+00   0.0000000e+00   0.0000000e+00   0.0000000e+00   0.0000000e+00   0.0000000e+00   0.0000000e+00   0.0000000e+00   0.0000000e+00   0.0000000e+00
  -1.1641532e-10   8.1490725e-10  -8.1490725e-10   4.6566129e-10  -2.4447218e-09   3.4924597e-09  -2.7939677e-09   1.6298145e-09   1.6298145e-09  -1.8626451e-09   3.2596290e-09  -2.3283064e-09  -9.7788870e-09   1.3038516e-08  -1.1175871e-08   1.6298145e-08  -1.6763806e-08  -1.8626451e-09  -7.1945616e+06   1.2138495e+07  -4.8471445e+06  -7.7680728e-09   0.0000000e+00   0.0000000e+00   0.0000000e+00   0.0000000e+00   0.0000000e+00   0.0000000e+00   0.0000000e+00   0.0000000e+00   0.0000000e+00   0.0000000e+00   0.0000000e+00   0.0000000e+00   0.0000000e+00   0.0000000e+00   0.0000000e+00   0.0000000e+00   0.0000000e+00   0.0000000e+00   0.0000000e+00   0.0000000e+00   0.0000000e+00   0.0000000e+00
   4.0745363e-10  -6.4028427e-10  -2.3283064e-10   5.8207661e-10   5.8207661e-10  -2.0954758e-09   4.0745363e-09  -4.8894435e-09   4.6566129e-10   2.7939677e-09   2.5611371e-09  -7.9162419e-09   9.7788870e-09  -5.5879354e-09  -1.3969839e-09   1.3969839e-09  -1.8626451e-09   1.0244548e-08  -1.7229468e-08  -4.8471445e+06   8.1341997e+06  -3.2075148e+06   0.0000000e+00   0.0000000e+00   0.0000000e+00   0.0000000e+00   0.0000000e+00   0.0000000e+00   0.0000000e+00   0.0000000e+00   0.0000000e+00   0.0000000e+00   0.0000000e+00   0.0000000e+00   0.0000000e+00   0.0000000e+00   0.0000000e+00   0.0000000e+00   0.0000000e+00   0.0000000e+00   0.0000000e+00   0.0000000e+00   0.0000000e+00   0.0000000e+00
  -1.2290502e-10   2.0517275e-10   2.2389247e-10  -4.5220046e-10   4.2118106e-11   1.1171930e-09  -1.9732756e-09   2.1937305e-09  -9.6814879e-10  -8.6000152e-10  -2.1357182e-09   5.5716314e-09  -4.7860030e-09   2.4335833e-09   1.8173238e-09  -3.4211038e-09   1.3341112e-10  -5.7306026e-10   6.2058566e-09  -7.7680728e-09  -3.2075148e+06   3.2410548e+06   0.0000000e+00   0.0000000e+00   0.0000000e+00   0.0000000e+00   0.0000000e+00   0.0000000e+00   0.0000000e+00   0.0000000e+00   0.0000000e+00   0.0000000e+00   0.0000000e+00   0.0000000e+00   0.0000000e+00   0.0000000e+00   0.0000000e+00   0.0000000e+00   0.0000000e+00   0.0000000e+00   0.0000000e+00   0.0000000e+00   0.0000000e+00   0.0000000e+00
