   2.5515110e+08  -2.0202623e+08  -7.4505806e-08  -1.0430813e-07   5.9604645e-08   5.2154064e-08  -5.2154064e-08   1.1175871e-08   2.9802322e-08  -3.3527613e-08   1.8626451e-09   9.3132257e-09   7.4505806e-09  -1.0244548e-08   6.5192580e-09  -2.7939677e-09   4.6566129e-10   1.8626451e-09  -1.8626451e-09   9.3132257e-10   0.0000000e+00   1.6177090e-11   0.0000000e+00   0.0000000e+00   0.0000000e+00   0.0000000e+00   0.0000000e+00   0.0000000e+00   0.0000000e+00   0.0000000e+00   0.0000000e+00   0.0000000e+00   0.0000000e+00   0.0000000e+00   0.0000000e+00   0.0000000e+00   0.0000000e+00   0.0000000e+00   0.0000000e+00   0.0000000e+00   0.0000000e+00   0.0000000e+00   0.0000000e+00   0.0000000e+00
  -2.0202623e+08   4.0990380e+08  -1.9735156e+08   1.0430813e-07  -1.1920929e-07   0.0000000e+00   5.9604645e-08  -7.4505806e-09  -5.2154064e-08   6.7055225e-08  -3.1664968e-08   3.7252903e-09  -1.6763806e-08   1.5832484e-08  -5.5879354e-09   2.7939677e-09  -3.7252903e-09  -9.3132257e-10   2.3283064e-09  -6.9849193e-10  -9.3132257e-10   6.9608658e-10   0.0000000e+00   0.0000000e+00   0.0000000e+00   0.0000000e+00   0.0000000e+00   0.0000000e+00   0.0000000e+00   0.0000000e+00   0.0000000e+00   0.0000000e+00   0.0000000e+00   0.0000000e+00   0.0000000e+00   0.0000000e+00   0.0000000e+00   0.0000000e+00   0.0000000e+00   0.0000000e+00   0.0000000e+00   0.0000000e+00   0.0000000e+00   0.0000000e+00
  -7.4505806e-08  -1.9735156e+08   3.9930699e+08  -1.9157312e+08   1.1920929e-07  -1.3411045e-07   1.2665987e-07  -5.9604645e-08   2.2351742e-08  -2.6077032e-08   2.9802322e-08  -1.1175871e-08   1.3038516e-08  -1.1175871e-08  -2.7939677e-09  -5.5879354e-09   7.4505806e-09   3.7252903e-09  -3.7252903e-09  -2.3283064e-10  -9.3132257e-10   1.0673595e-09   0.0000000e+00   0.0000000e+00   0.0000000e+00   0.0000000e+00   0.0000000e+00   0.0000000e+00   0.0000000e+00   0.0000000e+00   0.0000000e+00   0.0000000e+00   0.0000000e+00   0.0000000e+00   0.0000000e+00   0.0000000e+00   0.0000000e+00   0.0000000e+00   0.0000000e+00   0.0000000e+00   0.0000000e+00   0.0000000e+00   0.0000000e+00   0.0000000e+00
  -1.0430813e-07   1.0430813e-07  -1.9157312e+08   3.8625128e+08  -1.8449900e+08   8.9406967e-08  -1.9371510e-07   1.3411045e-07   1.4901161e-08  -3.7252903e-08   3.7252903e-09  -1.1175871e-08   0.0000000e+00   2.9802322e-08  -9.3132257e-09   3.7252903e-09  -6.5192580e-09  -6.5192580e-09   6.9849193e-09  -9.3132257e-10   2.0954758e-09  -2.6210015e-09   0.0000000e+00   0.0000000e+00   0.0000000e+00   0.0000000e+00   0.0000000e+00   0.0000000e+00   0.0000000e+00   0.0000000e+00   0.0000000e+00   0.0000000e+00   0.0000000e+00   0.0000000e+00   0.0000000e+00   0.0000000e+00   0.0000000e+00   0.0000000e+00   0.0000000e+00   0.0000000e+00   0.0000000e+00   0.0000000e+00   0.0000000e+00   0.0000000e+00
   5.9604645e-08  -1.1920929e-07   1.1920929e-07  -1.8449900e+08   3.7036150e+08  -1.7597878e+08  -2.9802322e-08  -2.9802322e-08   4.4703484e-08  -2.2351742e-08  -2.2351742e-08   3.7252903e-08  -1.1175871e-08  -3.9115548e-08   2.4214387e-08   7.4505806e-09  -2.7939677e-09  -2.7939677e-09  -5.5879354e-09   6.5192580e-09   1.3969839e-09  -3.0644108e-10   0.0000000e+00   0.0000000e+00   0.0000000e+00   0.0000000e+00   0.0000000e+00   0.0000000e+00   0.0000000e+00   0.0000000e+00   0.0000000e+00   0.0000000e+00   0.0000000e+00   0.0000000e+00   0.0000000e+00   0.0000000e+00   0.0000000e+00   0.0000000e+00   0.0000000e+00   0.0000000e+00   0.0000000e+00   0.0000000e+00   0.0000000e+00   0.0000000e+00
   5.2154064e-08   0.0000000e+00  -1.3411045e-07   8.9406967e-08  -1.7597878e+08   3.5140059e+08  -1.6597093e+08  -3.7252903e-07   5.2154064e-08   7.4505806e-08   2.2351742e-08  -9.3132257e-08   5.2154064e-08  -3.7252903e-09  -1.4901161e-08  -5.5879354e-09   1.3969839e-08   6.5192580e-09  -9.3132257e-10  -7.4505806e-09  -4.6566129e-10   2.6594236e-09   0.0000000e+00   0.0000000e+00   0.0000000e+00   0.0000000e+00   0.0000000e+00   0.0000000e+00   0.0000000e+00   0.0000000e+00   0.0000000e+00   0.0000000e+00   0.0000000e+00   0.0000000e+00   0.0000000e+00   0.0000000e+00   0.0000000e+00   0.0000000e+00   0.0000000e+00   0.0000000e+00   0.0000000e+00   0.0000000e+00   0.0000000e+00   0.0000000e+00
  -5.2154064e-08   5.9604645e-08   1.2665987e-07  -1.9371510e-07  -2.9802322e-08  -1.6597093e+08   3.2943465e+08  -1.5463323e+08  -3.1292439e-07   1.2665987e-07   3.7252903e-08   6.7055225e-08  -1.1175871e-07   3.7252903e-08   1.8626451e-08  -7.4505806e-09  -3.1664968e-08   2.7008355e-08  -5.5879354e-09  -9.3132257e-10   1.3969839e-09  -5.0140872e-09   0.0000000e+00   0.0000000e+00   0.0000000e+00   0.0000000e+00   0.0000000e+00   0.0000000e+00   0.0000000e+00   0.0000000e+00   0.0000000e+00   0.0000000e+00   0.0000000e+00   0.0000000e+00   0.0000000e+00   0.0000000e+00   0.0000000e+00   0.0000000e+00   0.0000000e+00   0.0000000e+00   0.0000000e+00   0.0000000e+00   0.0000000e+00   0.0000000e+00
   1.1175871e-08  -7.4505806e-09  -5.9604645e-08   1.3411045e-07  -2.9802322e-08  -3.7252903e-07  -1.5463323e+08   3.0503107e+08  -1.4240635e+08  -1.6391277e-07   0.0000000e+00  -5.9604645e-08   1.8253922e-07  -1.1175871e-07   7.4505806e-09   2.2351742e-08   2.0489097e-08  -4.0978193e-08   7.4505806e-09   1.3969839e-08  -1.7695129e-08   1.4220312e-08   0.0000000e+00   0.0000000e+00   0.0000000e+00   0.0000000e+00   0.0000000e+00   0.0000000e+00   0.0000000e+00   0.0000000e+00   0.0000000e+00   0.0000000e+00   0.0000000e+00   0.0000000e+00   0.0000000e+00   0.0000000e+00   0.0000000e+00   0.0000000e+00   0.0000000e+00   0.0000000e+00   0.0000000e+00   0.0000000e+00   0.0000000e+00   0.0000000e+00
   2.9802322e-08  -5.2154064e-08   2.2351742e-08   1.4901161e-08   4.4703484e-08   5.2154064e-08  -3.1292439e-07  -1.4240635e+08   2.7939738e+08  -1.3002513e+08  -1.9371510e-07   1.7881393e-07  -1.2665987e-07   1.2293458e-07  -2.2351742e-08  -4.8428774e-08   2.6077032e-08   1.1175871e-08  -1.8626451e-09  -1.6763806e-08   2.8871000e-08  -2.1497294e-08   0.0000000e+00   0.0000000e+00   0.0000000e+00   0.0000000e+00   0.0000000e+00   0.0000000e+00   0.0000000e+00   0.0000000e+00   0.0000000e+00   0.0000000e+00   0.0000000e+00   0.0000000e+00   0.0000000e+00   0.0000000e+00   0.0000000e+00   0.0000000e+00   0.0000000e+00   0.0000000e+00   0.0000000e+00   0.0000000e+00   0.0000000e+00   0.0000000e+00
  -3.3527613e-08   6.7055225e-08  -2.6077032e-08  -3.7252903e-08  -2.2351742e-08   7.4505806e-08   1.2665987e-07  -1.6391277e-07  -1.3002513e+08   2.5429627e+08  -1.1838478e+08  -9.6857548e-08  -5.2154064e-08   3.7252903e-08  -4.4703484e-08   1.4901161e-08   1.8626451e-08  -1.4901161e-08  -1.3038516e-08   2.7008355e-08  -2.4214387e-08   1.3950026e-08   0.0000000e+00   0.0000000e+00   0.0000000e+00   0.0000000e+00   0.0000000e+00   0.0000000e+00   0.0000000e+00   0.0000000e+00   0.0000000e+00   0.0000000e+00   0.0000000e+00   0.0000000e+00   0.0000000e+00   0.0000000e+00   0.0000000e+00   0.0000000e+00   0.0000000e+00   0.0000000e+00   0.0000000e+00   0.0000000e+00   0.0000000e+00   0.0000000e+00
   1.8626451e-09  -3.1664968e-08   2.9802322e-08   3.7252903e-09  -2.2351742e-08   2.2351742e-08   3.7252903e-08   0.0000000e+00  -1.9371510e-07  -1.1838478e+08   2.3161114e+08  -1.0826785e+08   2.9802322e-08  -9.6857548e-08   9.6857548e-08   5.2154064e-08  -9.6857548e-08   1.4901161e-08   4.4703484e-08  -4.0978193e-08   1.4901161e-08  -1.0831737e-10   0.0000000e+00   0.0000000e+00   0.0000000e+00   0.0000000e+00   0.0000000e+00   0.0000000e+00   0.0000000e+00   0.0000000e+00   0.0000000e+00   0.0000000e+00   0.0000000e+00   0.0000000e+00   0.0000000e+00   0.0000000e+00   0.0000000e+00   0.0000000e+00   0.0000000e+00   0.0000000e+00   0.0000000e+00   0.0000000e+00   0.0000000e+00   0.0000000e+00
   9.3132257e-09   3.7252903e-09  -1.1175871e-08  -1.1175871e-08   3.7252903e-08  -9.3132257e-08   6.7055225e-08  -5.9604645e-08   1.7881393e-07  -9.6857548e-08  -1.0826785e+08   2.1269010e+08  -1.0007449e+08  -6.7055225e-08   4.4703484e-08  -8.9406967e-08   3.7252903e-08   6.3329935e-08  -9.3132257e-08   4.0978193e-08   7.4505806e-09  -1.4892217e-08   0.0000000e+00   0.0000000e+00   0.0000000e+00   0.0000000e+00   0.0000000e+00   0.0000000e+00   0.0000000e+00   0.0000000e+00   0.0000000e+00   0.0000000e+00   0.0000000e+00   0.0000000e+00   0.0000000e+00   0.0000000e+00   0.0000000e+00   0.0000000e+00   0.0000000e+00   0.0000000e+00   0.0000000e+00   0.0000000e+00   0.0000000e+00   0.0000000e+00
   7.4505806e-09  -1.6763806e-08   1.3038516e-08   0.0000000e+00  -1.1175871e-08   5.2154064e-08  -1.1175871e-07   1.8253922e-07  -1.2665987e-07  -5.2154064e-08   2.9802322e-08  -1.0007449e+08   1.9788241e+08  -9.3731138e+07  -2.9802322e-07   8.9406967e-08   2.2351742e-08  -9.3132257e-08   1.5273690e-07  -7.8231096e-08  -1.4901161e-08   2.3365894e-08   0.0000000e+00   0.0000000e+00   0.0000000e+00   0.0000000e+00   0.0000000e+00   0.0000000e+00   0.0000000e+00   0.0000000e+00   0.0000000e+00   0.0000000e+00   0.0000000e+00   0.0000000e+00   0.0000000e+00   0.0000000e+00   0.0000000e+00   0.0000000e+00   0.0000000e+00   0.0000000e+00   0.0000000e+00   0.0000000e+00   0.0000000e+00   0.0000000e+00
  -1.0244548e-08   1.5832484e-08  -1.1175871e-08   2.9802322e-08  -3.9115548e-08  -3.7252903e-09   3.7252903e-08  -1.1175871e-07   1.2293458e-07   3.7252903e-08  -9.6857548e-08  -6.7055225e-08  -9.3731138e+07   1.8658138e+08  -8.8810043e+07  -1.1920929e-07   1.1175871e-07  -2.2351742e-08  -1.3038516e-07   7.4505806e-08   2.2351742e-08  -2.4521981e-08   0.0000000e+00   0.0000000e+00   0.0000000e+00   0.0000000e+00   0.0000000e+00   0.0000000e+00   0.0000000e+00   0.0000000e+00   0.0000000e+00   0.0000000e+00   0.0000000e+00   0.0000000e+00   0.0000000e+00   0.0000000e+00   0.0000000e+00   0.0000000e+00   0.0000000e+00   0.0000000e+00   0.0000000e+00   0.0000000e+00   0.0000000e+00   0.0000000e+00
   6.5192580e-09  -5.5879354e-09  -2.7939677e-09  -9.3132257e-09   2.4214387e-08  -1.4901161e-08   1.8626451e-08   7.4505806e-09  -2.2351742e-08  -4.4703484e-08   9.6857548e-08   4.4703484e-08  -2.9802322e-07  -8.8810043e+07   1.7764933e+08  -8.4746953e+07  -2.0116568e-07   8.1956387e-08   7.0780516e-08  -6.7055225e-08   1.3038516e-08  -1.4841964e-09   0.0000000e+00   0.0000000e+00   0.0000000e+00   0.0000000e+00   0.0000000e+00   0.0000000e+00   0.0000000e+00   0.0000000e+00   0.0000000e+00   0.0000000e+00   0.0000000e+00   0.0000000e+00   0.0000000e+00   0.0000000e+00   0.0000000e+00   0.0000000e+00   0.0000000e+00   0.0000000e+00   0.0000000e+00   0.0000000e+00   0.0000000e+00   0.0000000e+00
  -2.7939677e-09   2.7939677e-09  -5.5879354e-09   3.7252903e-09   7.4505806e-09  -5.5879354e-09  -7.4505806e-09   2.2351742e-08  -4.8428774e-08   1.4901161e-08   5.2154064e-08  -8.9406967e-08   8.9406967e-08  -1.1920929e-07  -8.4746953e+07   1.6989959e+08  -8.1050288e+07  -8.9406967e-08   3.3527613e-08   7.0780516e-08  -1.0058284e-07   6.6727648e-08   0.0000000e+00   0.0000000e+00   0.0000000e+00   0.0000000e+00   0.0000000e+00   0.0000000e+00   0.0000000e+00   0.0000000e+00   0.0000000e+00   0.0000000e+00   0.0000000e+00   0.0000000e+00   0.0000000e+00   0.0000000e+00   0.0000000e+00   0.0000000e+00   0.0000000e+00   0.0000000e+00   0.0000000e+00   0.0000000e+00   0.0000000e+00   0.0000000e+00
   4.6566129e-10  -3.7252903e-09   7.4505806e-09  -6.5192580e-09  -2.7939677e-09   1.3969839e-08  -3.1664968e-08   2.0489097e-08   2.6077032e-08   1.8626451e-08  -9.6857548e-08   3.7252903e-08   2.2351742e-08   1.1175871e-07  -2.0116568e-07  -8.1050288e+07   1.6248920e+08  -7.7460281e+07  -9.6857548e-08  -3.7252903e-09   1.2293458e-07  -9.9685934e-08   0.0000000e+00   0.0000000e+00   0.0000000e+00   0.0000000e+00   0.0000000e+00   0.0000000e+00   0.0000000e+00   0.0000000e+00   0.0000000e+00   0.0000000e+00   0.0000000e+00   0.0000000e+00   0.0000000e+00   0.0000000e+00   0.0000000e+00   0.0000000e+00   0.0000000e+00   0.0000000e+00   0.0000000e+00   0.0000000e+00   0.0000000e+00   0.0000000e+00
   1.8626451e-09  -9.3132257e-10   3.7252903e-09  -6.5192580e-09  -2.7939677e-09   6.5192580e-09   2.7008355e-08  -4.0978193e-08   1.1175871e-08  -1.4901161e-08   1.4901161e-08   6.3329935e-08  -9.3132257e-08  -2.2351742e-08   8.1956387e-08  -8.9406967e-08  -7.7460281e+07   1.5518200e+08  -7.3998169e+07   5.2154064e-08  -1.1548400e-07   4.8357937e-08   0.0000000e+00   0.0000000e+00   0.0000000e+00   0.0000000e+00   0.0000000e+00   0.0000000e+00   0.0000000e+00   0.0000000e+00   0.0000000e+00   0.0000000e+00   0.0000000e+00   0.0000000e+00   0.0000000e+00   0.0000000e+00   0.0000000e+00   0.0000000e+00   0.0000000e+00   0.0000000e+00   0.0000000e+00   0.0000000e+00   0.0000000e+00   0.0000000e+00
  -1.8626451e-09   2.3283064e-09  -3.7252903e-09   6.9849193e-09  -5.5879354e-09  -9.3132257e-10  -5.5879354e-09   7.4505806e-09  -1.8626451e-09  -1.3038516e-08   4.4703484e-08  -9.3132257e-08   1.5273690e-07  -1.3038516e-07   7.0780516e-08   3.3527613e-08  -9.6857548e-08  -7.3998169e+07   1.4828879e+08  -7.0835314e+07   8.9406967e-08  -2.9680133e-09   0.0000000e+00   0.0000000e+00   0.0000000e+00   0.0000000e+00   0.0000000e+00   0.0000000e+00   0.0000000e+00   0.0000000e+00   0.0000000e+00   0.0000000e+00   0.0000000e+00   0.0000000e+00   0.0000000e+00   0.0000000e+00   0.0000000e+00   0.0000000e+00   0.0000000e+00   0.0000000e+00   0.0000000e+00   0.0000000e+00   0.0000000e+00   0.0000000e+00
   9.3132257e-10  -6.9849193e-10  -2.3283064e-10  -9.3132257e-10   6.5192580e-09  -7.4505806e-09  -9.3132257e-10   1.3969839e-08  -1.6763806e-08   2.7008355e-08  -4.0978193e-08   4.0978193e-08  -7.8231096e-08   7.4505806e-08  -6.7055225e-08   7.0780516e-08  -3.7252903e-09   5.2154064e-08  -7.0835314e+07   1.4219982e+08  -6.8080124e+07   8.0387189e-08   0.0000000e+00   0.0000000e+00   0.0000000e+00   0.0000000e+00   0.0000000e+00   0.0000000e+00   0.0000000e+00   0.0000000e+00   0.0000000e+00   0.0000000e+00   0.0000000e+00   0.0000000e+00   0.0000000e+00   0.0000000e+00   0.0000000e+00   0.0000000e+00   0.0000000e+00   0.0000000e+00   0.0000000e+00   0.0000000e+00   0.0000000e+00   0.0000000e+00
   0.0000000e+00  -9.3132257e-10  -9.3132257e-10   2.0954758e-09   1.3969839e-09  -4.6566129e-10   1.3969839e-09  -1.7695129e-08   2.8871000e-08  -2.4214387e-08   1.4901161e-08   7.4505806e-09  -1.4901161e-08   2.2351742e-08   1.3038516e-08  -1.0058284e-07   1.2293458e-07  -1.1548400e-07   8.9406967e-08  -6.8080124e+07   1.3697754e+08  -6.5698235e+07   0.0000000e+00   0.0000000e+00   0.0000000e+00   0.0000000e+00   0.0000000e+00   0.0000000e+00   0.0000000e+00   0.0000000e+00   0.0000000e+00   0.0000000e+00   0.0000000e+00   0.0000000e+00   0.0000000e+00   0.0000000e+00   0.0000000e+00   0.0000000e+00   0.0000000e+00   0.0000000e+00   0.0000000e+00   0.0000000e+00   0.0000000e+00   0.0000000e+00
   1.6177090e-11   6.9608658e-10   1.0673595e-09  -2.6210015e-09  -3.0644108e-10   2.6594236e-09  -5.0140872e-09   1.4220312e-08  -2.1497294e-08   1.3950026e-08  -1.0831737e-10  -1.4892217e-08   2.3365894e-08  -2.4521981e-08  -1.4841964e-09   6.6727648e-08  -9.9685934e-08   4.8357937e-08  -2.9680133e-09   8.0387189e-08  -6.5698235e+07   8.0746169e+07   0.0000000e+00   0.0000000e+00   0.0000000e+00   0.0000000e+00   0.0000000e+00   0.0000000e+00   0.0000000e+00   0.0000000e+00   0.0000000e+00   0.0000000e+00   0.0000000e+00   0.0000000e+00   0.0000000e+00   0.0000000e+00   0.0000000e+00   0.0000000e+00   0.0000000e+00   0.0000000e+00   0.0000000e+00   0.0000000e+00   0.0000000e+00   0.0000000e+00
